100
LINK 38 14 54 93
LINK 161 2 144 63
LINK 11 2 129 8
LINK 32 10 97 32
LINK 32 11 175 65
LINK 48 12 3 35
LINK 12 8 21 75
LINK 128 3 48 17
LINK 82 4 109 42
LINK 168 4 104 78
LINK 47 0 185 78
LINK 139 0 162 70
LINK 149 7 86 96
LINK 181 15 182 92
LINK 145 1 119 72
LINK 5 5 140 86
LINK 170 7 127 37
LINK 100 14 66 99
LINK 167 9 176 57
LINK 83 0 179 31
LINK 177 7 178 57
LINK 56 14 100 100
LINK 65 9 23 69
LINK 87 1 107 9
LINK 161 8 97 13
LINK 167 2 111 85
LINK 12 5 142 94
LINK 127 7 76 3
LINK 135 12 59 90
LINK 116 5 189 80
LINK 80 10 200 66
LINK 76 9 174 37
LINK 43 14 49 9
LINK 185 14 94 96
LINK 148 10 42 74
LINK 106 12 128 40
LINK 74 1 30 89
LINK 48 9 120 27
LINK 133 14 92 8
LINK 129 9 196 71
LINK 40 11 179 24
LINK 106 15 171 54
LINK 58 3 127 63
LINK 81 14 3 6
LINK 144 15 94 91
LINK 153 12 69 85
LINK 35 0 45 63
LINK 130 15 133 69
LINK 188 15 144 93
LINK 87 9 146 45
LINK 126 8 59 58
LINK 31 12 63 26
LINK 196 3 69 49
LINK 24 8 185 58
LINK 49 12 173 30
LINK 173 8 50 60
LINK 120 8 52 7
LINK 107 13 103 84
LINK 174 0 141 56
LINK 126 2 33 21
LINK 62 12 21 85
LINK 38 13 94 38
LINK 186 9 168 58
LINK 123 0 117 42
LINK 10 8 200 68
LINK 70 13 51 95
LINK 15 6 102 40
LINK 97 5 12 58
LINK 35 0 194 24
LINK 38 14 13 23
LINK 57 3 181 31
LINK 149 8 124 10
LINK 169 3 177 90
LINK 25 2 184 91
LINK 169 4 130 65
LINK 171 13 174 57
LINK 174 14 132 63
LINK 157 7 185 65
LINK 76 12 95 24
LINK 14 2 85 34
LINK 94 4 124 70
LINK 39 10 61 59
LINK 96 13 175 18
LINK 83 11 126 8
LINK 18 8 170 26
LINK 200 2 91 75
LINK 23 8 50 88
LINK 155 5 122 48
LINK 98 4 118 36
LINK 55 9 46 2
LINK 71 11 119 6
LINK 119 11 113 36
LINK 52 10 62 4
LINK 93 15 78 15
LINK 88 7 103 95
LINK 165 7 42 63
LINK 172 6 150 26
LINK 40 3 80 11
LINK 167 13 16 38
LINK 146 15 173 97
