100
LINK 93 4 113 45
LINK 153 15 85 42
LINK 51 0 36 57
LINK 2 1 84 55
LINK 72 2 41 100
LINK 182 12 1 61
LINK 77 5 193 29
LINK 112 14 75 4
LINK 123 10 100 27
LINK 27 7 168 29
LINK 128 11 37 81
LINK 165 7 187 36
LINK 58 10 87 40
LINK 16 14 200 92
LINK 84 7 72 47
LINK 166 2 150 41
LINK 37 8 67 63
LINK 184 10 44 11
LINK 142 15 143 6
LINK 200 9 93 9
LINK 108 3 200 75
LINK 18 7 166 2
LINK 95 13 48 13
LINK 88 5 53 24
LINK 150 14 139 34
LINK 57 5 196 50
LINK 61 10 55 12
LINK 20 11 21 27
LINK 79 3 154 96
LINK 171 14 149 18
LINK 108 12 30 95
LINK 98 9 71 99
LINK 104 8 84 61
LINK 190 15 110 2
LINK 170 12 14 89
LINK 16 9 67 46
LINK 157 3 141 80
LINK 91 9 97 50
LINK 190 13 97 39
LINK 159 14 37 62
LINK 175 0 174 16
LINK 152 11 117 21
LINK 152 1 109 19
LINK 67 6 164 24
LINK 99 7 55 89
LINK 97 14 90 38
LINK 76 1 76 86
LINK 104 0 47 78
LINK 185 12 193 36
LINK 8 13 56 59
LINK 143 11 29 10
LINK 194 15 185 92
LINK 199 14 32 48
LINK 141 1 85 68
LINK 107 8 153 11
LINK 25 6 40 61
LINK 171 0 96 30
LINK 46 14 40 88
LINK 18 3 149 11
LINK 11 4 55 10
LINK 123 13 9 15
LINK 7 12 182 66
LINK 157 13 28 81
LINK 85 10 93 7
LINK 3 11 137 48
LINK 90 7 188 59
LINK 196 7 22 6
LINK 21 3 167 95
LINK 113 6 62 72
LINK 172 2 137 28
LINK 129 3 61 65
LINK 182 8 171 85
LINK 93 10 184 34
LINK 187 2 193 34
LINK 59 13 91 31
LINK 193 1 77 57
LINK 136 1 128 59
LINK 133 15 187 61
LINK 179 6 25 13
LINK 151 2 97 43
LINK 158 7 129 44
LINK 3 0 29 61
LINK 38 6 91 82
LINK 128 14 38 16
LINK 57 13 74 89
LINK 181 11 49 12
LINK 10 0 24 13
LINK 171 7 107 28
LINK 151 2 23 5
LINK 107 10 165 44
LINK 122 6 125 1
LINK 126 10 168 34
LINK 80 1 74 12
LINK 5 1 123 15
LINK 98 1 127 20
LINK 17 0 100 20
LINK 68 1 176 26
LINK 77 12 70 50
LINK 99 1 102 76
LINK 60 13 61 91
