100
LINK 28 6 106 43
LINK 26 8 92 4
LINK 25 4 17 3
LINK 57 15 144 5
LINK 12 8 51 2
LINK 65 7 150 39
LINK 99 8 118 94
LINK 4 15 134 83
LINK 110 15 125 36
LINK 200 0 191 24
LINK 69 14 27 77
LINK 158 9 182 21
LINK 106 7 75 71
LINK 191 7 161 42
LINK 88 6 135 43
LINK 14 3 25 23
LINK 11 13 10 10
LINK 118 7 186 38
LINK 63 11 15 20
LINK 85 3 141 90
LINK 179 6 112 22
LINK 190 0 163 29
LINK 151 0 71 16
LINK 68 6 190 31
LINK 196 15 192 65
LINK 103 8 3 17
LINK 140 8 137 24
LINK 164 4 14 94
LINK 43 4 15 84
LINK 149 8 12 51
LINK 177 9 166 97
LINK 128 11 179 76
LINK 59 1 140 13
LINK 99 5 30 38
LINK 62 13 14 25
LINK 194 2 71 88
LINK 103 12 171 52
LINK 14 5 102 42
LINK 167 11 90 94
LINK 127 11 169 85
LINK 38 4 49 36
LINK 106 13 125 68
LINK 195 9 144 40
LINK 116 13 127 71
LINK 51 8 22 64
LINK 134 2 157 100
LINK 46 6 194 72
LINK 114 9 108 3
LINK 126 4 190 32
LINK 186 10 199 81
LINK 4 13 120 72
LINK 108 14 42 10
LINK 47 14 125 81
LINK 41 0 80 87
LINK 79 8 10 45
LINK 91 5 199 16
LINK 26 12 199 11
LINK 7 4 191 62
LINK 43 14 33 2
LINK 61 9 11 59
LINK 40 6 39 33
LINK 167 6 119 46
LINK 47 7 190 37
LINK 149 11 105 74
LINK 128 6 185 34
LINK 52 6 96 94
LINK 141 15 195 1
LINK 106 12 60 97
LINK 91 9 129 57
LINK 120 14 54 19
LINK 79 10 55 27
LINK 183 14 153 10
LINK 14 8 196 65
LINK 15 2 110 56
LINK 170 7 108 75
LINK 12 6 172 54
LINK 169 3 62 88
LINK 51 3 6 81
LINK 110 12 107 92
LINK 123 2 154 36
LINK 147 12 152 14
LINK 191 12 69 60
LINK 68 15 187 31
LINK 95 5 84 15
LINK 161 9 102 63
LINK 165 3 43 74
LINK 24 13 118 46
LINK 160 14 34 59
LINK 123 8 172 13
LINK 150 15 24 69
LINK 119 1 200 65
LINK 71 10 179 84
LINK 132 0 146 48
LINK 44 12 74 67
LINK 90 6 164 1
LINK 165 4 59 39
LINK 86 5 151 87
LINK 21 13 155 40
LINK 40 9 56 62
LINK 141 2 45 24
