100
LINK 40 1 3 89
LINK 127 3 68 22
LINK 118 12 8 62
LINK 4 13 196 83
LINK 72 14 152 86
LINK 130 6 80 49
LINK 186 11 97 76
LINK 11 11 77 2
LINK 118 6 90 44
LINK 170 4 17 40
LINK 17 15 153 72
LINK 5 11 55 29
LINK 27 5 14 8
LINK 196 4 56 34
LINK 73 8 109 35
LINK 60 0 36 29
LINK 16 4 124 37
LINK 185 3 176 53
LINK 116 15 125 20
LINK 76 2 100 54
LINK 136 1 113 83
LINK 158 7 16 30
LINK 24 4 64 36
LINK 61 10 164 28
LINK 127 15 117 63
LINK 179 11 16 94
LINK 172 3 14 99
LINK 70 8 4 5
LINK 178 3 39 88
LINK 35 6 69 11
LINK 131 12 46 91
LINK 135 0 171 62
LINK 200 6 76 79
LINK 130 10 72 1
LINK 182 12 51 3
LINK 102 13 7 79
LINK 121 13 118 8
LINK 52 2 118 82
LINK 23 2 124 57
LINK 75 5 170 75
LINK 180 5 53 62
LINK 88 11 162 70
LINK 113 12 24 14
LINK 170 14 44 91
LINK 28 9 198 31
LINK 100 10 12 74
LINK 29 6 182 55
LINK 181 7 129 12
LINK 101 4 173 88
LINK 9 14 9 73
LINK 3 8 86 72
LINK 15 0 62 94
LINK 194 2 24 45
LINK 77 10 118 57
LINK 25 11 112 5
LINK 155 7 69 55
LINK 77 8 194 37
LINK 31 2 109 33
LINK 187 9 5 53
LINK 26 1 146 20
LINK 29 0 16 57
LINK 59 5 114 83
LINK 185 0 40 39
LINK 168 11 193 44
LINK 52 9 32 83
LINK 140 3 115 26
LINK 37 14 78 63
LINK 137 6 34 17
LINK 47 0 173 57
LINK 134 13 140 18
LINK 62 2 8 82
LINK 190 7 177 41
LINK 138 8 123 29
LINK 100 5 155 37
LINK 60 7 151 48
LINK 111 7 64 9
LINK 136 12 166 22
LINK 26 0 139 88
LINK 187 10 21 76
LINK 50 4 16 87
LINK 157 10 16 9
LINK 32 1 145 91
LINK 57 14 39 19
LINK 182 13 28 69
LINK 42 0 90 68
LINK 49 12 107 35
LINK 79 6 10 80
LINK 75 0 67 84
LINK 19 9 192 50
LINK 107 15 141 15
LINK 134 2 34 67
LINK 184 4 135 26
LINK 5 8 45 5
LINK 109 6 39 87
LINK 29 7 66 55
LINK 176 11 38 47
LINK 69 12 196 27
LINK 116 7 42 1
LINK 170 10 67 54
LINK 39 9 131 95
