100
LINK 131 8 94 97
LINK 192 15 183 26
LINK 137 13 174 61
LINK 136 9 131 89
LINK 167 8 106 19
LINK 46 6 142 46
LINK 157 3 77 55
LINK 163 1 117 45
LINK 163 2 141 6
LINK 74 11 131 62
LINK 17 8 22 4
LINK 114 15 44 32
LINK 185 13 2 30
LINK 172 15 75 28
LINK 187 14 83 1
LINK 1 14 146 15
LINK 113 13 20 38
LINK 113 13 100 82
LINK 6 0 185 72
LINK 73 12 103 57
LINK 130 8 38 1
LINK 200 7 181 38
LINK 166 14 39 66
LINK 117 15 32 30
LINK 173 10 119 86
LINK 1 1 167 58
LINK 91 6 29 15
LINK 131 3 123 60
LINK 188 15 113 39
LINK 23 12 28 40
LINK 59 1 106 75
LINK 153 0 156 26
LINK 140 2 163 40
LINK 44 8 49 86
LINK 183 5 200 66
LINK 161 1 77 100
LINK 81 4 38 55
LINK 33 0 195 43
LINK 35 3 170 87
LINK 140 4 64 79
LINK 151 1 170 47
LINK 58 2 32 41
LINK 96 7 106 8
LINK 105 5 107 38
LINK 123 7 192 7
LINK 112 1 150 46
LINK 189 6 85 29
LINK 195 11 7 98
LINK 126 8 44 83
LINK 147 10 175 94
LINK 10 7 1 15
LINK 166 2 52 88
LINK 154 2 146 17
LINK 133 6 115 21
LINK 165 6 1 12
LINK 98 7 9 23
LINK 88 3 158 86
LINK 30 3 179 40
LINK 164 10 106 81
LINK 189 12 120 94
LINK 103 0 110 87
LINK 112 15 108 28
LINK 126 11 139 24
LINK 19 2 198 6
LINK 102 10 91 32
LINK 39 4 123 54
LINK 103 11 34 91
LINK 136 0 136 90
LINK 17 5 177 28
LINK 173 3 108 99
LINK 95 5 74 14
LINK 145 6 171 98
LINK 178 13 81 16
LINK 34 2 169 37
LINK 182 9 179 69
LINK 106 10 59 22
LINK 112 2 2 36
LINK 70 12 86 64
LINK 106 14 29 2
LINK 30 7 200 7
LINK 13 7 22 98
LINK 35 13 86 68
LINK 143 0 37 100
LINK 131 6 73 94
LINK 81 9 181 50
LINK 134 10 65 92
LINK 25 5 193 54
LINK 45 7 12 9
LINK 176 8 158 10
LINK 174 11 129 68
LINK 60 12 67 42
LINK 11 3 87 91
LINK 165 10 192 51
LINK 133 8 42 10
LINK 54 9 163 98
LINK 130 14 58 5
LINK 159 14 66 85
LINK 10 9 152 69
LINK 111 2 162 21
LINK 62 7 12 78
