100
LINK 90 1 38 18
LINK 66 7 165 84
LINK 92 10 19 81
LINK 136 11 90 35
LINK 107 15 88 40
LINK 167 14 41 100
LINK 187 5 121 30
LINK 69 6 96 10
LINK 145 12 128 62
LINK 4 11 46 48
LINK 150 15 28 37
LINK 171 13 172 30
LINK 149 2 121 16
LINK 185 8 67 71
LINK 126 10 153 47
LINK 73 7 56 69
LINK 133 14 83 88
LINK 26 15 135 27
LINK 95 10 164 65
LINK 184 6 94 32
LINK 97 5 199 81
LINK 127 0 4 52
LINK 155 11 198 80
LINK 107 13 100 39
LINK 188 13 79 14
LINK 61 4 140 55
LINK 31 14 20 14
LINK 141 0 98 37
LINK 31 7 118 57
LINK 65 8 160 71
LINK 180 13 150 86
LINK 115 1 77 54
LINK 183 10 67 44
LINK 71 14 198 2
LINK 13 8 115 6
LINK 34 11 142 64
LINK 164 2 172 28
LINK 35 2 150 14
LINK 192 11 52 58
LINK 101 15 112 83
LINK 34 9 126 4
LINK 88 11 5 53
LINK 44 7 158 77
LINK 187 2 92 50
LINK 14 14 129 48
LINK 98 14 62 41
LINK 130 0 99 30
LINK 192 9 64 77
LINK 139 5 80 27
LINK 17 4 31 60
LINK 60 3 89 46
LINK 38 11 148 51
LINK 147 3 51 44
LINK 154 7 84 35
LINK 176 5 16 67
LINK 143 15 143 82
LINK 21 13 60 89
LINK 10 9 48 69
LINK 77 7 67 66
LINK 68 13 69 14
LINK 89 6 9 95
LINK 182 3 181 57
LINK 26 12 75 20
LINK 76 8 1 48
LINK 142 3 36 4
LINK 101 10 124 29
LINK 171 13 147 90
LINK 155 6 3 96
LINK 37 10 142 18
LINK 54 9 126 31
LINK 118 7 151 45
LINK 120 6 192 13
LINK 115 2 116 15
LINK 62 15 144 84
LINK 133 9 173 40
LINK 56 6 35 92
LINK 137 15 61 90
LINK 49 1 21 67
LINK 137 2 111 8
LINK 73 14 20 87
LINK 81 7 154 94
LINK 79 8 77 63
LINK 138 0 2 45
LINK 127 11 188 63
LINK 163 15 5 12
LINK 185 8 130 73
LINK 147 15 32 71
LINK 46 10 110 79
LINK 90 14 172 20
LINK 111 8 83 48
LINK 1 3 144 80
LINK 24 2 142 86
LINK 130 9 149 66
LINK 122 13 90 68
LINK 22 8 191 67
LINK 123 3 145 13
LINK 162 4 132 24
LINK 69 5 23 21
LINK 2 5 100 25
LINK 48 9 162 29
