100
LINK 117 1 188 94
LINK 182 9 185 32
LINK 74 1 119 92
LINK 137 1 20 64
LINK 108 9 196 60
LINK 21 7 144 22
LINK 144 13 87 52
LINK 62 3 182 78
LINK 37 0 24 70
LINK 50 7 153 75
LINK 153 14 67 41
LINK 129 5 104 36
LINK 95 2 95 16
LINK 98 5 89 94
LINK 43 14 45 56
LINK 155 9 34 91
LINK 195 8 113 44
LINK 168 8 119 72
LINK 88 8 112 16
LINK 174 6 3 69
LINK 66 0 136 15
LINK 38 7 108 80
LINK 103 0 136 57
LINK 130 8 199 76
LINK 81 14 120 100
LINK 128 5 71 67
LINK 78 13 182 51
LINK 148 15 71 65
LINK 32 5 80 69
LINK 134 2 100 36
LINK 91 10 44 21
LINK 107 9 96 39
LINK 105 6 138 84
LINK 108 7 150 85
LINK 141 2 36 89
LINK 66 9 5 49
LINK 16 3 69 49
LINK 23 15 136 13
LINK 107 10 85 65
LINK 172 4 104 76
LINK 99 0 59 59
LINK 153 7 143 93
LINK 90 1 133 7
LINK 188 9 155 55
LINK 173 14 55 95
LINK 95 5 60 1
LINK 120 15 165 91
LINK 28 3 119 79
LINK 13 8 37 17
LINK 137 2 9 78
LINK 61 13 85 100
LINK 183 14 154 7
LINK 166 15 102 60
LINK 149 0 60 20
LINK 56 7 110 84
LINK 148 3 162 12
LINK 157 5 28 45
LINK 80 3 174 92
LINK 33 9 91 15
LINK 49 3 122 14
LINK 155 14 25 55
LINK 87 3 74 94
LINK 11 15 129 10
LINK 115 1 21 23
LINK 191 15 67 71
LINK 36 0 162 68
LINK 50 4 35 50
LINK 152 3 63 7
LINK 82 6 161 68
LINK 74 10 13 37
LINK 122 13 146 36
LINK 183 14 59 26
LINK 14 4 148 1
LINK 69 12 21 19
LINK 65 14 120 17
LINK 162 6 75 95
LINK 173 2 114 47
LINK 173 13 83 46
LINK 67 3 82 2
LINK 146 11 127 12
LINK 120 1 64 89
LINK 134 3 59 51
LINK 90 1 119 51
LINK 112 8 45 37
LINK 131 5 83 4
LINK 36 4 149 54
LINK 96 13 55 94
LINK 25 4 57 45
LINK 158 7 85 44
LINK 156 14 146 45
LINK 72 7 96 36
LINK 8 3 172 38
LINK 2 5 193 37
LINK 74 13 42 21
LINK 75 0 66 100
LINK 181 1 196 39
LINK 194 7 134 49
LINK 174 14 193 97
LINK 142 15 132 1
LINK 84 6 38 37
