100
LINK 103 14 163 10
LINK 58 10 156 42
LINK 179 5 8 14
LINK 105 14 198 7
LINK 96 13 157 52
LINK 167 15 138 39
LINK 45 6 186 36
LINK 7 15 128 9
LINK 30 1 118 87
LINK 164 0 80 42
LINK 167 6 107 23
LINK 109 7 129 4
LINK 29 5 107 95
LINK 157 12 85 53
LINK 91 6 88 97
LINK 142 14 5 71
LINK 8 1 9 23
LINK 50 15 64 16
LINK 78 9 190 86
LINK 25 14 189 53
LINK 108 14 199 16
LINK 91 3 168 81
LINK 58 14 29 99
LINK 125 0 121 32
LINK 58 8 6 8
LINK 168 4 75 45
LINK 142 8 182 66
LINK 87 9 170 94
LINK 168 7 9 59
LINK 155 7 191 12
LINK 134 3 162 58
LINK 156 1 141 14
LINK 10 1 73 29
LINK 166 2 125 7
LINK 115 1 24 1
LINK 27 0 194 95
LINK 64 9 5 71
LINK 129 2 182 62
LINK 118 7 119 74
LINK 25 2 39 87
LINK 156 6 67 21
LINK 161 15 179 76
LINK 49 9 76 28
LINK 146 13 174 62
LINK 175 1 132 4
LINK 76 8 117 94
LINK 160 3 19 37
LINK 198 0 123 54
LINK 119 12 26 79
LINK 132 12 106 81
LINK 6 5 8 4
LINK 155 4 17 81
LINK 110 3 184 37
LINK 12 12 130 24
LINK 40 3 60 89
LINK 156 13 142 26
LINK 74 15 57 6
LINK 124 9 138 29
LINK 47 8 184 1
LINK 29 15 34 90
LINK 99 8 26 63
LINK 21 11 186 12
LINK 7 12 1 15
LINK 178 5 140 51
LINK 13 3 8 36
LINK 110 8 17 56
LINK 193 15 109 21
LINK 104 5 110 2
LINK 110 7 64 83
LINK 195 8 94 1
LINK 45 13 115 74
LINK 92 14 25 56
LINK 154 7 144 15
LINK 81 7 123 73
LINK 63 6 46 66
LINK 124 10 168 85
LINK 42 6 67 36
LINK 184 0 189 28
LINK 110 6 154 1
LINK 61 1 57 67
LINK 161 15 181 41
LINK 63 14 66 25
LINK 85 6 43 60
LINK 17 9 145 59
LINK 144 2 46 79
LINK 27 9 59 37
LINK 41 3 137 53
LINK 189 8 171 1
LINK 96 15 94 58
LINK 158 14 35 95
LINK 69 12 154 85
LINK 38 9 95 81
LINK 165 12 60 91
LINK 78 5 127 70
LINK 129 15 123 69
LINK 112 4 121 8
LINK 196 13 117 6
LINK 124 6 100 44
LINK 27 4 181 16
LINK 7 10 197 71
