100
LINK 5 8 62 55
LINK 95 6 151 27
LINK 186 5 183 5
LINK 39 2 195 71
LINK 29 10 92 22
LINK 183 9 109 39
LINK 1 2 56 23
LINK 8 15 92 12
LINK 200 0 18 46
LINK 152 7 173 89
LINK 149 2 193 39
LINK 174 2 162 2
LINK 6 12 23 40
LINK 30 10 79 31
LINK 197 13 153 5
LINK 69 3 168 21
LINK 100 9 18 3
LINK 105 5 43 54
LINK 49 2 144 22
LINK 126 0 175 83
LINK 109 12 22 39
LINK 184 3 169 80
LINK 138 8 136 58
LINK 68 15 178 67
LINK 89 3 122 93
LINK 137 3 198 37
LINK 151 13 110 76
LINK 46 11 158 55
LINK 185 2 93 68
LINK 183 4 99 20
LINK 85 2 29 4
LINK 90 6 22 30
LINK 154 14 74 42
LINK 107 7 131 57
LINK 165 15 132 62
LINK 76 0 116 12
LINK 171 7 179 53
LINK 124 4 24 8
LINK 63 4 63 52
LINK 11 4 33 16
LINK 27 2 157 33
LINK 130 6 141 46
LINK 79 15 7 6
LINK 64 10 117 35
LINK 186 6 139 10
LINK 123 10 69 38
LINK 119 3 41 29
LINK 16 9 196 94
LINK 180 15 79 61
LINK 143 10 106 73
LINK 43 15 78 6
LINK 138 1 92 24
LINK 40 6 33 14
LINK 97 12 51 15
LINK 32 11 95 99
LINK 117 1 193 48
LINK 145 14 108 87
LINK 41 4 59 83
LINK 28 15 189 66
LINK 81 7 89 72
LINK 14 0 138 10
LINK 173 11 76 5
LINK 183 1 155 51
LINK 163 2 98 8
LINK 169 12 194 10
LINK 73 12 44 1
LINK 92 7 66 73
LINK 16 9 196 29
LINK 26 12 91 98
LINK 25 5 154 7
LINK 40 4 10 54
LINK 7 2 13 28
LINK 16 6 89 88
LINK 163 11 188 54
LINK 116 4 178 31
LINK 110 13 159 35
LINK 58 8 85 34
LINK 119 13 193 10
LINK 98 9 15 57
LINK 108 11 184 75
LINK 34 15 163 48
LINK 3 13 1 70
LINK 107 10 200 16
LINK 104 14 103 61
LINK 111 2 147 81
LINK 176 2 42 74
LINK 140 8 130 99
LINK 84 8 74 69
LINK 136 11 16 90
LINK 137 7 160 43
LINK 146 14 11 49
LINK 173 0 162 36
LINK 51 11 16 26
LINK 46 1 51 85
LINK 66 11 135 1
LINK 196 15 169 83
LINK 43 7 125 32
LINK 151 11 126 49
LINK 146 7 97 19
LINK 48 1 106 98
