100
LINK 76 12 130 49
LINK 150 4 183 4
LINK 140 3 10 74
LINK 158 7 28 92
LINK 29 2 154 82
LINK 117 6 112 74
LINK 97 3 35 30
LINK 171 6 96 46
LINK 43 8 147 44
LINK 77 8 47 68
LINK 100 8 94 58
LINK 32 0 101 61
LINK 68 5 194 36
LINK 92 0 109 88
LINK 84 15 169 54
LINK 142 7 52 84
LINK 41 5 79 69
LINK 30 5 189 30
LINK 86 9 187 17
LINK 2 14 129 21
LINK 92 2 156 83
LINK 179 0 122 15
LINK 112 1 20 53
LINK 57 14 188 49
LINK 20 9 70 50
LINK 143 9 179 28
LINK 91 12 97 92
LINK 155 8 65 98
LINK 99 3 132 30
LINK 36 4 196 99
LINK 46 14 151 2
LINK 38 1 151 57
LINK 156 11 58 98
LINK 29 11 78 19
LINK 104 13 162 10
LINK 150 9 7 1
LINK 198 9 182 85
LINK 142 0 84 87
LINK 191 9 89 80
LINK 76 6 37 31
LINK 162 13 80 90
LINK 82 4 60 85
LINK 82 12 147 32
LINK 47 0 32 96
LINK 91 4 180 32
LINK 141 6 19 83
LINK 1 10 63 76
LINK 1 10 106 62
LINK 144 0 103 77
LINK 142 1 114 75
LINK 134 3 6 80
LINK 12 4 127 54
LINK 153 10 38 93
LINK 121 15 176 21
LINK 66 13 196 66
LINK 88 12 179 83
LINK 38 0 160 31
LINK 194 0 105 27
LINK 84 6 59 95
LINK 51 8 101 4
LINK 43 9 48 64
LINK 145 14 36 62
LINK 60 15 179 99
LINK 36 4 82 25
LINK 189 0 107 34
LINK 65 3 60 48
LINK 26 5 194 28
LINK 7 13 183 49
LINK 31 6 164 27
LINK 53 7 88 65
LINK 135 9 163 22
LINK 174 3 147 62
LINK 188 4 95 52
LINK 168 10 151 45
LINK 128 0 125 34
LINK 142 10 135 25
LINK 89 1 51 94
LINK 1 2 158 35
LINK 156 7 9 30
LINK 20 10 43 7
LINK 111 1 11 31
LINK 196 8 127 75
LINK 9 10 161 51
LINK 158 6 75 98
LINK 144 12 91 97
LINK 15 15 183 23
LINK 24 14 52 43
LINK 97 13 1 60
LINK 183 2 190 30
LINK 76 3 157 84
LINK 167 12 186 76
LINK 11 3 73 6
LINK 89 3 154 55
LINK 115 8 177 90
LINK 127 11 132 76
LINK 74 12 135 8
LINK 95 3 90 70
LINK 191 5 6 9
LINK 162 6 184 24
LINK 107 0 181 95
