100
LINK 49 11 110 9
LINK 112 7 189 92
LINK 130 12 53 11
LINK 198 6 55 12
LINK 23 3 115 70
LINK 185 13 80 12
LINK 149 15 24 99
LINK 154 7 138 55
LINK 59 6 15 70
LINK 6 10 113 35
LINK 128 13 97 77
LINK 100 6 89 22
LINK 139 10 191 75
LINK 64 13 86 13
LINK 13 4 163 19
LINK 68 11 25 26
LINK 50 6 48 55
LINK 194 15 189 73
LINK 77 12 149 29
LINK 188 4 2 26
LINK 144 8 200 7
LINK 166 4 171 31
LINK 145 4 1 65
LINK 136 0 90 85
LINK 15 0 39 8
LINK 49 10 80 77
LINK 16 4 5 3
LINK 121 14 80 64
LINK 151 14 71 16
LINK 67 8 46 63
LINK 78 5 79 65
LINK 22 0 102 37
LINK 9 11 44 9
LINK 71 3 86 38
LINK 8 9 40 28
LINK 48 14 192 98
LINK 101 5 66 19
LINK 6 6 33 35
LINK 109 7 152 30
LINK 32 4 166 40
LINK 96 1 49 66
LINK 189 5 155 96
LINK 175 9 75 75
LINK 64 1 124 16
LINK 31 12 186 37
LINK 52 10 23 12
LINK 130 5 193 13
LINK 178 14 152 74
LINK 72 7 191 60
LINK 37 1 7 64
LINK 91 8 138 7
LINK 99 4 22 29
LINK 2 7 117 53
LINK 178 3 116 59
LINK 65 3 171 95
LINK 18 9 20 89
LINK 26 9 100 62
LINK 107 1 25 50
LINK 139 9 56 89
LINK 175 12 117 76
LINK 188 9 180 65
LINK 125 6 23 41
LINK 2 0 87 72
LINK 19 1 60 44
LINK 68 15 105 26
LINK 169 1 75 59
LINK 43 1 47 69
LINK 111 3 144 98
LINK 149 10 15 73
LINK 169 12 165 23
LINK 134 3 94 52
LINK 157 0 147 76
LINK 168 10 102 37
LINK 132 15 195 27
LINK 58 9 47 68
LINK 157 6 17 57
LINK 17 6 81 86
LINK 172 12 60 5
LINK 48 0 8 57
LINK 9 9 132 77
LINK 156 8 65 40
LINK 161 10 118 18
LINK 4 3 137 12
LINK 106 8 168 23
LINK 136 7 60 7
LINK 45 6 163 92
LINK 175 9 200 35
LINK 75 11 63 82
LINK 116 6 21 76
LINK 90 9 45 93
LINK 54 12 157 59
LINK 86 11 33 73
LINK 76 11 31 20
LINK 114 8 163 40
LINK 66 2 127 92
LINK 46 4 73 61
LINK 68 13 189 9
LINK 183 0 153 36
LINK 166 4 147 3
LINK 185 10 175 60
