100
LINK 13 3 119 66
LINK 143 7 182 98
LINK 77 10 167 61
LINK 164 10 124 93
LINK 33 1 34 63
LINK 140 12 105 64
LINK 55 7 63 58
LINK 113 15 72 25
LINK 3 13 142 98
LINK 125 3 95 54
LINK 46 4 66 9
LINK 31 12 153 64
LINK 151 1 78 90
LINK 103 5 153 9
LINK 70 6 166 82
LINK 46 4 59 48
LINK 131 7 145 7
LINK 27 14 160 73
LINK 4 8 81 34
LINK 166 9 97 16
LINK 171 6 157 25
LINK 156 4 133 25
LINK 75 10 159 20
LINK 39 8 119 21
LINK 168 7 128 95
LINK 54 14 67 57
LINK 64 10 91 81
LINK 84 10 48 7
LINK 113 3 31 21
LINK 112 11 197 38
LINK 166 2 57 56
LINK 171 6 29 91
LINK 190 11 85 44
LINK 194 6 52 9
LINK 1 5 189 37
LINK 81 11 43 45
LINK 39 8 165 2
LINK 140 1 39 57
LINK 68 6 13 91
LINK 174 0 81 63
LINK 148 12 158 93
LINK 67 9 54 19
LINK 103 1 55 35
LINK 30 8 80 20
LINK 122 11 74 61
LINK 61 7 118 29
LINK 111 9 119 84
LINK 74 6 46 73
LINK 115 3 17 33
LINK 165 13 103 67
LINK 64 13 154 93
LINK 6 8 64 27
LINK 180 8 140 41
LINK 49 8 121 59
LINK 90 14 194 15
LINK 141 14 39 7
LINK 194 6 139 10
LINK 125 0 129 88
LINK 150 1 32 8
LINK 66 6 186 97
LINK 32 4 37 32
LINK 85 12 142 26
LINK 99 6 40 39
LINK 125 5 45 71
LINK 85 14 180 9
LINK 128 11 148 29
LINK 141 2 88 6
LINK 73 9 3 56
LINK 150 14 87 35
LINK 100 3 160 98
LINK 162 15 189 39
LINK 29 8 109 65
LINK 72 7 25 51
LINK 100 3 179 40
LINK 102 2 46 27
LINK 92 7 182 93
LINK 38 12 27 89
LINK 48 10 87 62
LINK 90 10 200 70
LINK 11 11 135 34
LINK 99 14 184 50
LINK 131 2 190 84
LINK 133 10 110 76
LINK 186 11 168 23
LINK 64 10 64 11
LINK 85 13 24 74
LINK 128 6 43 90
LINK 34 8 124 85
LINK 88 2 34 70
LINK 173 14 153 5
LINK 161 6 32 46
LINK 58 15 121 21
LINK 146 7 183 30
LINK 85 14 155 64
LINK 181 4 53 15
LINK 126 7 99 13
LINK 35 3 182 7
LINK 59 13 64 19
LINK 148 14 117 5
LINK 46 4 77 43
