100
LINK 141 2 81 30
LINK 137 7 128 71
LINK 72 4 101 46
LINK 19 7 161 54
LINK 63 8 81 77
LINK 70 14 43 96
LINK 84 11 166 81
LINK 93 3 161 34
LINK 103 9 15 91
LINK 185 13 161 56
LINK 43 12 1 61
LINK 92 0 115 6
LINK 2 2 82 23
LINK 169 3 119 53
LINK 39 11 85 31
LINK 183 5 116 85
LINK 39 1 27 75
LINK 176 10 182 18
LINK 199 13 78 42
LINK 46 7 147 47
LINK 91 11 22 59
LINK 55 3 63 93
LINK 23 3 176 57
LINK 145 2 194 35
LINK 173 11 61 100
LINK 7 1 69 57
LINK 175 1 199 20
LINK 42 8 19 32
LINK 77 15 142 31
LINK 131 12 24 5
LINK 104 14 61 100
LINK 41 13 86 65
LINK 26 1 64 84
LINK 187 11 140 61
LINK 30 1 132 23
LINK 187 13 154 63
LINK 93 6 193 23
LINK 51 15 79 6
LINK 166 11 105 7
LINK 145 5 171 70
LINK 135 10 153 73
LINK 118 12 33 99
LINK 134 4 121 20
LINK 18 1 134 11
LINK 121 6 85 23
LINK 94 11 29 60
LINK 55 4 18 99
LINK 27 3 121 13
LINK 78 0 186 96
LINK 69 1 46 55
LINK 134 14 26 4
LINK 192 7 166 64
LINK 86 1 139 31
LINK 165 14 142 19
LINK 3 6 170 81
LINK 51 1 94 28
LINK 66 6 75 87
LINK 48 0 41 34
LINK 39 9 37 82
LINK 177 9 46 14
LINK 3 7 145 68
LINK 102 5 186 56
LINK 197 10 37 47
LINK 196 1 126 14
LINK 160 8 100 7
LINK 25 3 92 15
LINK 109 15 196 38
LINK 81 8 51 36
LINK 176 10 3 29
LINK 33 3 85 81
LINK 47 0 179 94
LINK 154 15 7 13
LINK 8 1 71 32
LINK 149 2 198 10
LINK 42 9 47 75
LINK 186 8 110 14
LINK 196 7 94 28
LINK 3 1 8 49
LINK 2 1 43 55
LINK 41 8 67 49
LINK 59 1 32 7
LINK 52 13 16 93
LINK 175 13 119 12
LINK 111 11 177 58
LINK 91 14 85 94
LINK 200 11 94 54
LINK 181 7 108 73
LINK 89 14 173 47
LINK 16 12 153 67
LINK 138 8 111 12
LINK 134 5 23 96
LINK 9 15 53 52
LINK 22 0 145 21
LINK 132 5 126 64
LINK 78 1 37 66
LINK 112 8 112 27
LINK 117 15 145 54
LINK 136 6 117 70
LINK 188 3 65 97
LINK 43 13 48 64
