100
LINK 165 2 36 75
LINK 80 10 135 51
LINK 157 2 163 29
LINK 156 11 153 12
LINK 42 12 47 93
LINK 15 14 199 53
LINK 13 13 172 35
LINK 191 10 152 7
LINK 101 2 182 32
LINK 102 11 135 10
LINK 6 0 38 61
LINK 93 13 24 34
LINK 179 13 78 93
LINK 85 3 97 97
LINK 25 12 83 15
LINK 159 10 74 11
LINK 173 14 95 26
LINK 74 12 35 80
LINK 77 15 192 21
LINK 14 7 55 92
LINK 37 3 136 73
LINK 160 7 121 84
LINK 52 3 151 62
LINK 190 15 173 62
LINK 30 2 188 55
LINK 47 13 86 75
LINK 46 13 196 11
LINK 197 9 2 85
LINK 133 0 58 92
LINK 168 9 76 20
LINK 133 1 181 22
LINK 1 0 36 82
LINK 123 6 188 69
LINK 148 1 44 45
LINK 55 14 155 51
LINK 40 11 187 24
LINK 44 3 16 12
LINK 174 2 183 58
LINK 68 2 132 20
LINK 172 6 1 94
LINK 141 3 15 40
LINK 13 1 137 67
LINK 200 10 69 91
LINK 199 15 114 42
LINK 51 0 5 76
LINK 123 2 34 42
LINK 54 12 161 25
LINK 83 8 70 75
LINK 101 3 14 13
LINK 45 13 132 44
LINK 193 7 34 91
LINK 55 3 184 6
LINK 180 4 33 3
LINK 79 1 44 32
LINK 182 4 108 64
LINK 69 1 38 69
LINK 13 11 34 58
LINK 153 12 53 45
LINK 164 6 87 71
LINK 186 14 28 17
LINK 11 11 19 89
LINK 78 14 173 59
LINK 171 7 123 39
LINK 9 7 160 74
LINK 115 0 183 20
LINK 109 2 116 24
LINK 73 10 146 10
LINK 73 12 127 35
LINK 185 0 123 62
LINK 111 6 72 81
LINK 127 9 72 87
LINK 58 6 60 72
LINK 127 9 143 87
LINK 77 10 162 49
LINK 61 11 159 85
LINK 32 4 119 16
LINK 181 8 29 92
LINK 88 4 124 66
LINK 46 2 52 3
LINK 129 7 27 55
LINK 57 0 193 85
LINK 27 2 186 87
LINK 62 7 123 45
LINK 132 0 61 12
LINK 34 8 155 73
LINK 141 6 190 87
LINK 177 8 41 6
LINK 56 10 112 13
LINK 36 0 197 14
LINK 11 13 53 72
LINK 77 14 116 8
LINK 168 7 72 53
LINK 169 1 25 61
LINK 8 5 47 85
LINK 6 15 42 62
LINK 106 0 126 93
LINK 9 9 107 19
LINK 104 14 42 32
LINK 85 5 140 4
LINK 37 10 156 57
