100
LINK 79 7 104 12
LINK 40 15 9 85
LINK 119 9 149 86
LINK 45 8 50 72
LINK 197 4 197 1
LINK 9 10 4 46
LINK 93 7 53 88
LINK 54 8 45 33
LINK 8 3 96 100
LINK 171 15 184 41
LINK 129 11 179 25
LINK 68 3 96 64
LINK 185 4 65 93
LINK 127 11 38 71
LINK 75 2 59 81
LINK 195 14 165 55
LINK 106 11 154 28
LINK 115 8 69 96
LINK 172 14 120 92
LINK 74 15 7 58
LINK 60 6 3 38
LINK 43 7 60 69
LINK 34 5 149 29
LINK 124 8 183 29
LINK 124 7 57 91
LINK 176 4 186 99
LINK 123 8 90 96
LINK 176 0 6 35
LINK 119 15 124 13
LINK 199 7 182 33
LINK 53 1 61 29
LINK 195 2 157 70
LINK 82 12 60 57
LINK 41 12 155 63
LINK 54 4 111 81
LINK 93 3 16 63
LINK 75 2 76 73
LINK 74 0 105 79
LINK 90 12 7 36
LINK 63 10 106 44
LINK 32 4 152 24
LINK 114 10 187 19
LINK 55 0 99 47
LINK 116 9 61 90
LINK 157 15 62 82
LINK 96 6 60 86
LINK 187 1 173 50
LINK 85 5 193 68
LINK 147 8 91 60
LINK 155 4 178 9
LINK 77 3 107 92
LINK 94 14 133 50
LINK 7 10 31 2
LINK 65 10 39 3
LINK 12 11 52 48
LINK 193 12 115 39
LINK 93 5 150 99
LINK 34 6 7 63
LINK 107 8 54 100
LINK 31 2 49 37
LINK 85 14 91 49
LINK 25 0 151 37
LINK 92 2 84 85
LINK 103 6 175 95
LINK 156 12 193 41
LINK 3 14 3 9
LINK 15 8 108 45
LINK 147 3 34 31
LINK 139 3 131 63
LINK 4 0 151 96
LINK 187 10 132 89
LINK 185 1 35 92
LINK 182 10 32 37
LINK 129 2 45 43
LINK 43 0 140 89
LINK 12 12 171 2
LINK 200 12 65 3
LINK 133 14 50 20
LINK 1 12 8 37
LINK 191 2 28 24
LINK 173 3 60 54
LINK 46 8 196 88
LINK 9 14 28 72
LINK 163 13 74 62
LINK 50 1 117 82
LINK 56 13 101 9
LINK 51 4 145 41
LINK 55 4 116 79
LINK 184 15 32 81
LINK 80 11 68 40
LINK 18 14 11 81
LINK 196 11 94 45
LINK 125 9 26 81
LINK 128 14 189 78
LINK 91 4 170 97
LINK 9 12 75 44
LINK 60 2 124 91
LINK 38 6 82 55
LINK 141 12 187 36
LINK 128 8 132 5
