100
LINK 161 3 162 41
LINK 91 14 148 39
LINK 124 6 138 32
LINK 161 0 69 64
LINK 173 13 182 81
LINK 12 4 106 13
LINK 103 12 18 17
LINK 44 9 97 5
LINK 70 9 97 60
LINK 184 12 99 8
LINK 35 3 91 48
LINK 156 6 111 29
LINK 173 3 161 84
LINK 136 9 148 90
LINK 54 12 106 98
LINK 127 1 54 48
LINK 164 5 107 47
LINK 146 4 6 33
LINK 96 0 80 4
LINK 7 5 84 31
LINK 185 11 66 20
LINK 62 12 110 67
LINK 130 6 116 8
LINK 169 0 155 32
LINK 175 4 30 20
LINK 122 3 4 17
LINK 36 2 20 42
LINK 176 6 125 12
LINK 99 5 32 12
LINK 155 4 178 36
LINK 59 5 195 79
LINK 118 12 62 92
LINK 113 11 164 34
LINK 79 14 3 66
LINK 2 5 107 29
LINK 77 14 41 75
LINK 173 7 86 79
LINK 116 6 114 26
LINK 12 11 105 30
LINK 160 13 173 24
LINK 9 15 10 39
LINK 55 11 104 56
LINK 185 2 136 61
LINK 145 15 187 69
LINK 199 15 147 66
LINK 39 11 192 2
LINK 71 15 83 82
LINK 13 15 6 22
LINK 143 6 12 97
LINK 178 3 4 14
LINK 30 3 127 26
LINK 115 8 195 66
LINK 89 4 131 79
LINK 105 1 80 75
LINK 169 2 157 34
LINK 170 9 107 12
LINK 80 13 109 9
LINK 185 7 122 66
LINK 51 15 92 18
LINK 113 5 135 53
LINK 178 0 31 82
LINK 91 13 9 11
LINK 24 4 144 93
LINK 30 1 57 61
LINK 168 12 69 4
LINK 76 13 70 79
LINK 190 0 148 54
LINK 198 1 158 27
LINK 50 3 161 40
LINK 49 8 151 25
LINK 85 5 17 66
LINK 96 0 126 15
LINK 189 1 118 17
LINK 87 10 47 28
LINK 51 9 33 100
LINK 27 5 127 28
LINK 177 6 168 78
LINK 55 5 2 91
LINK 115 9 108 10
LINK 43 8 176 83
LINK 130 13 199 68
LINK 184 4 196 35
LINK 190 3 34 68
LINK 18 15 196 46
LINK 198 2 123 4
LINK 136 3 46 50
LINK 94 0 12 88
LINK 89 10 70 70
LINK 32 4 138 16
LINK 17 12 2 7
LINK 112 2 126 81
LINK 99 0 27 48
LINK 187 4 52 22
LINK 177 8 124 70
LINK 154 14 109 94
LINK 73 9 164 5
LINK 150 12 72 67
LINK 185 0 125 48
LINK 11 9 129 61
LINK 123 10 61 61
