100
LINK 103 11 130 8
LINK 164 11 140 30
LINK 55 11 27 13
LINK 142 1 76 55
LINK 22 14 144 98
LINK 79 14 192 22
LINK 104 6 55 17
LINK 70 5 52 24
LINK 98 4 131 61
LINK 161 6 142 15
LINK 170 0 179 11
LINK 154 5 118 28
LINK 29 4 77 59
LINK 195 3 81 98
LINK 131 14 15 52
LINK 53 9 76 2
LINK 103 13 114 63
LINK 132 7 29 2
LINK 176 6 164 81
LINK 13 8 8 41
LINK 93 3 99 39
LINK 104 2 137 86
LINK 18 6 89 70
LINK 72 11 123 74
LINK 74 3 188 5
LINK 43 15 106 18
LINK 175 13 51 87
LINK 102 1 179 47
LINK 94 12 185 49
LINK 8 0 86 25
LINK 127 5 46 99
LINK 90 15 124 15
LINK 155 15 119 50
LINK 31 8 119 5
LINK 198 8 143 51
LINK 179 8 149 24
LINK 150 13 172 57
LINK 158 8 133 85
LINK 182 9 35 23
LINK 49 13 137 55
LINK 173 15 104 4
LINK 136 6 8 85
LINK 143 6 135 21
LINK 23 3 96 72
LINK 169 2 128 78
LINK 75 11 162 9
LINK 141 11 31 89
LINK 106 15 96 30
LINK 127 14 33 62
LINK 125 0 146 68
LINK 95 7 140 17
LINK 115 3 89 35
LINK 54 15 113 29
LINK 180 9 89 72
LINK 174 14 13 31
LINK 86 3 60 64
LINK 58 4 25 35
LINK 37 1 2 31
LINK 2 4 199 68
LINK 80 6 103 34
LINK 55 6 14 86
LINK 144 5 9 69
LINK 172 12 51 10
LINK 32 6 173 42
LINK 107 13 176 43
LINK 167 0 25 68
LINK 21 6 36 53
LINK 62 9 186 68
LINK 8 6 5 3
LINK 4 4 172 75
LINK 138 5 184 69
LINK 84 12 10 42
LINK 106 8 36 72
LINK 113 11 192 86
LINK 35 10 138 48
LINK 20 2 115 27
LINK 25 6 129 80
LINK 83 3 106 20
LINK 26 1 189 61
LINK 150 13 3 55
LINK 135 13 78 99
LINK 50 12 84 36
LINK 199 4 83 18
LINK 47 12 196 23
LINK 67 12 2 1
LINK 80 3 121 5
LINK 101 4 166 50
LINK 10 7 56 96
LINK 109 4 47 10
LINK 154 1 145 52
LINK 103 2 122 49
LINK 127 12 172 93
LINK 97 12 46 77
LINK 184 5 81 36
LINK 178 13 85 39
LINK 117 11 35 26
LINK 73 8 135 78
LINK 162 15 129 64
LINK 10 9 165 37
LINK 71 7 81 67
