100
LINK 168 12 10 68
LINK 92 15 17 100
LINK 199 4 122 52
LINK 59 4 154 21
LINK 188 8 90 29
LINK 21 14 27 34
LINK 168 8 126 84
LINK 181 15 25 48
LINK 132 10 15 23
LINK 90 6 174 41
LINK 35 14 192 45
LINK 68 1 166 55
LINK 170 6 35 42
LINK 53 4 75 72
LINK 61 8 55 41
LINK 16 15 188 48
LINK 18 1 122 7
LINK 184 15 147 70
LINK 94 10 15 61
LINK 140 3 167 9
LINK 186 8 51 38
LINK 13 12 9 74
LINK 29 15 66 45
LINK 47 5 144 64
LINK 7 8 122 43
LINK 112 4 112 58
LINK 111 5 118 50
LINK 105 4 110 90
LINK 37 7 79 2
LINK 189 7 27 69
LINK 55 11 165 53
LINK 97 3 116 4
LINK 125 4 46 88
LINK 57 4 145 19
LINK 187 14 120 43
LINK 99 13 85 87
LINK 93 2 88 33
LINK 154 9 2 60
LINK 6 5 12 54
LINK 26 14 157 50
LINK 68 1 137 24
LINK 15 1 195 1
LINK 96 1 43 46
LINK 47 6 32 40
LINK 42 7 172 95
LINK 33 12 107 90
LINK 91 5 196 68
LINK 197 7 17 64
LINK 58 8 139 72
LINK 138 4 24 33
LINK 151 1 130 97
LINK 145 9 88 86
LINK 81 3 132 65
LINK 184 5 7 26
LINK 156 1 93 4
LINK 105 12 119 62
LINK 118 8 185 55
LINK 94 15 40 96
LINK 74 0 144 18
LINK 130 15 155 62
LINK 43 13 27 78
LINK 124 0 156 31
LINK 186 15 134 90
LINK 61 3 4 78
LINK 12 11 184 57
LINK 196 6 4 21
LINK 144 3 190 25
LINK 131 15 139 25
LINK 29 4 54 52
LINK 101 8 182 86
LINK 9 10 127 21
LINK 22 9 198 34
LINK 70 4 42 65
LINK 108 13 37 3
LINK 145 1 179 75
LINK 169 12 199 49
LINK 33 11 101 85
LINK 13 9 170 21
LINK 53 8 41 74
LINK 130 5 59 99
LINK 74 12 15 81
LINK 98 2 135 42
LINK 76 9 116 96
LINK 182 1 145 67
LINK 69 12 51 33
LINK 182 4 53 34
LINK 21 12 108 50
LINK 34 5 149 8
LINK 170 10 40 67
LINK 166 6 60 93
LINK 40 14 189 73
LINK 192 4 139 13
LINK 81 5 45 62
LINK 114 9 48 34
LINK 94 10 35 80
LINK 24 6 139 94
LINK 50 1 12 15
LINK 56 15 7 95
LINK 198 2 20 42
LINK 31 5 154 63
