100
LINK 25 15 183 88
LINK 14 9 12 70
LINK 7 6 138 43
LINK 45 10 137 79
LINK 108 0 160 84
LINK 1 10 93 24
LINK 31 11 159 92
LINK 25 12 150 50
LINK 101 3 89 66
LINK 5 11 35 63
LINK 195 11 157 39
LINK 151 12 169 58
LINK 149 15 93 49
LINK 34 1 72 65
LINK 93 14 108 69
LINK 19 0 70 71
LINK 141 5 136 97
LINK 162 10 60 8
LINK 94 7 98 96
LINK 13 9 54 61
LINK 98 9 62 31
LINK 35 4 147 79
LINK 67 13 100 38
LINK 15 8 108 55
LINK 79 3 51 92
LINK 166 5 99 59
LINK 30 11 55 42
LINK 165 3 154 62
LINK 157 6 145 44
LINK 4 10 22 22
LINK 49 0 59 15
LINK 42 14 169 72
LINK 162 10 15 27
LINK 185 8 137 14
LINK 60 14 7 24
LINK 2 15 38 11
LINK 79 5 6 82
LINK 176 2 103 24
LINK 52 9 38 45
LINK 32 5 68 93
LINK 81 9 71 65
LINK 146 6 30 57
LINK 150 11 132 3
LINK 195 0 165 73
LINK 102 9 106 78
LINK 101 0 53 52
LINK 122 10 148 5
LINK 200 14 97 80
LINK 48 14 96 45
LINK 173 12 101 74
LINK 160 7 177 7
LINK 153 4 131 54
LINK 63 4 131 15
LINK 197 15 18 70
LINK 26 4 174 25
LINK 131 5 57 78
LINK 188 7 74 12
LINK 29 13 186 88
LINK 157 1 46 9
LINK 6 0 163 20
LINK 13 12 134 61
LINK 28 6 30 53
LINK 67 2 30 97
LINK 176 5 126 63
LINK 141 6 74 69
LINK 124 2 109 33
LINK 124 9 141 82
LINK 130 14 101 94
LINK 100 10 6 79
LINK 89 10 84 56
LINK 189 8 152 64
LINK 102 13 78 94
LINK 180 15 115 4
LINK 114 6 88 38
LINK 128 3 71 10
LINK 35 10 55 86
LINK 109 12 164 98
LINK 47 14 153 88
LINK 63 7 103 16
LINK 37 4 110 17
LINK 84 7 72 97
LINK 150 14 186 77
LINK 138 7 38 24
LINK 179 12 9 87
LINK 105 4 36 51
LINK 123 11 90 38
LINK 148 8 53 84
LINK 125 9 152 8
LINK 89 14 156 38
LINK 133 13 67 23
LINK 149 15 146 79
LINK 148 2 118 4
LINK 31 8 107 5
LINK 93 3 42 40
LINK 140 14 175 64
LINK 160 14 23 1
LINK 53 10 190 38
LINK 72 15 160 72
LINK 112 8 51 11
LINK 11 15 167 93
