100
LINK 142 2 106 4
LINK 69 5 94 18
LINK 189 5 103 39
LINK 80 15 162 51
LINK 58 12 110 25
LINK 125 8 68 71
LINK 59 10 192 48
LINK 46 4 47 39
LINK 127 7 43 48
LINK 13 15 65 1
LINK 182 14 92 61
LINK 22 12 11 32
LINK 73 0 56 98
LINK 73 10 120 31
LINK 29 15 31 75
LINK 84 12 13 10
LINK 180 14 157 92
LINK 95 4 145 76
LINK 43 11 88 17
LINK 192 2 48 17
LINK 123 6 14 95
LINK 177 4 77 57
LINK 196 10 31 79
LINK 87 11 41 66
LINK 154 12 10 48
LINK 122 1 75 16
LINK 45 2 132 36
LINK 165 10 52 87
LINK 33 8 33 61
LINK 102 4 118 97
LINK 72 3 128 58
LINK 95 7 176 1
LINK 116 8 48 89
LINK 194 10 105 38
LINK 189 11 25 53
LINK 167 12 191 99
LINK 45 6 160 98
LINK 35 12 195 6
LINK 176 9 16 23
LINK 41 14 23 56
LINK 79 5 145 72
LINK 96 0 109 36
LINK 36 12 188 2
LINK 113 1 153 58
LINK 152 15 55 39
LINK 188 0 44 15
LINK 74 10 137 14
LINK 1 14 22 79
LINK 181 5 102 28
LINK 118 1 64 53
LINK 95 10 107 7
LINK 133 10 116 36
LINK 122 2 174 61
LINK 75 1 175 49
LINK 28 7 14 81
LINK 70 2 59 2
LINK 104 0 182 21
LINK 122 12 126 68
LINK 199 15 127 83
LINK 194 9 71 15
LINK 68 11 175 43
LINK 165 4 43 45
LINK 12 15 125 34
LINK 195 14 35 98
LINK 95 7 71 69
LINK 12 3 88 63
LINK 131 5 45 24
LINK 160 2 38 27
LINK 111 3 121 75
LINK 112 2 19 24
LINK 171 14 109 65
LINK 78 14 14 24
LINK 111 3 92 22
LINK 183 11 36 13
LINK 97 0 36 8
LINK 147 0 187 57
LINK 188 2 84 52
LINK 22 13 127 44
LINK 197 2 60 26
LINK 129 8 149 39
LINK 61 0 113 43
LINK 124 3 156 72
LINK 180 14 132 27
LINK 120 5 135 59
LINK 128 1 62 1
LINK 72 11 44 68
LINK 174 14 93 55
LINK 80 8 45 40
LINK 185 4 182 60
LINK 57 0 184 88
LINK 32 10 114 51
LINK 184 8 9 63
LINK 18 14 164 89
LINK 10 6 156 36
LINK 62 7 190 41
LINK 193 9 32 77
LINK 143 4 189 51
LINK 102 11 138 33
LINK 38 3 35 21
LINK 4 2 35 21
