100
LINK 9 11 200 31
LINK 134 0 20 49
LINK 6 12 141 23
LINK 187 15 88 13
LINK 142 8 105 49
LINK 85 2 84 66
LINK 74 0 33 44
LINK 131 2 108 39
LINK 182 10 169 15
LINK 20 3 115 25
LINK 161 6 99 47
LINK 22 1 111 63
LINK 66 15 63 50
LINK 106 9 167 79
LINK 10 7 74 41
LINK 90 12 79 71
LINK 192 15 137 63
LINK 139 2 139 99
LINK 105 4 198 78
LINK 174 11 40 39
LINK 123 5 140 28
LINK 103 2 158 12
LINK 58 15 4 99
LINK 116 2 121 7
LINK 34 8 69 72
LINK 107 6 23 63
LINK 195 3 40 68
LINK 127 14 6 2
LINK 84 1 181 86
LINK 4 2 49 13
LINK 122 12 111 37
LINK 87 6 96 72
LINK 39 3 43 97
LINK 75 8 11 69
LINK 36 9 37 63
LINK 80 1 116 15
LINK 139 7 52 94
LINK 34 3 106 7
LINK 104 15 96 42
LINK 150 6 13 40
LINK 106 15 188 80
LINK 24 5 49 60
LINK 199 12 174 30
LINK 30 0 96 69
LINK 184 10 14 70
LINK 151 7 28 54
LINK 87 2 148 89
LINK 113 7 80 19
LINK 119 11 150 95
LINK 17 13 106 16
LINK 34 14 197 64
LINK 71 4 184 54
LINK 191 12 175 41
LINK 68 2 195 7
LINK 77 5 47 90
LINK 5 5 160 76
LINK 145 4 122 14
LINK 59 2 81 44
LINK 57 4 59 27
LINK 169 9 132 12
LINK 143 10 52 10
LINK 13 13 116 41
LINK 91 9 182 96
LINK 40 12 123 36
LINK 2 3 49 60
LINK 70 0 55 78
LINK 158 1 156 78
LINK 107 6 189 49
LINK 49 8 59 13
LINK 190 13 54 81
LINK 40 10 128 31
LINK 128 9 166 29
LINK 93 6 140 14
LINK 47 9 143 56
LINK 59 9 34 66
LINK 40 13 166 41
LINK 166 15 53 56
LINK 102 9 188 93
LINK 93 10 123 20
LINK 116 15 100 60
LINK 6 14 73 5
LINK 136 6 160 95
LINK 168 0 112 7
LINK 71 12 199 36
LINK 53 11 143 6
LINK 109 1 198 1
LINK 196 7 172 11
LINK 63 6 70 69
LINK 165 13 25 1
LINK 60 15 47 79
LINK 81 5 138 51
LINK 186 15 138 90
LINK 187 0 95 96
LINK 162 3 48 10
LINK 115 11 20 78
LINK 146 9 198 11
LINK 183 5 163 95
LINK 109 0 173 89
LINK 70 13 91 7
LINK 46 4 197 84
