100
LINK 162 8 96 2
LINK 169 10 163 15
LINK 68 13 28 37
LINK 200 2 185 24
LINK 53 6 35 88
LINK 164 13 65 57
LINK 78 3 61 88
LINK 104 7 17 17
LINK 105 15 70 73
LINK 66 0 87 33
LINK 142 2 122 41
LINK 69 9 164 21
LINK 144 13 8 7
LINK 43 0 115 20
LINK 36 14 8 91
LINK 127 7 60 31
LINK 87 8 55 52
LINK 161 5 36 54
LINK 112 12 194 80
LINK 14 12 101 58
LINK 58 11 16 53
LINK 84 2 172 72
LINK 9 2 114 35
LINK 106 12 117 92
LINK 102 3 95 14
LINK 169 10 68 80
LINK 39 12 59 5
LINK 170 14 114 79
LINK 171 0 31 6
LINK 11 10 29 20
LINK 85 6 106 91
LINK 115 6 134 68
LINK 50 4 134 70
LINK 63 8 49 53
LINK 165 10 9 86
LINK 170 1 65 92
LINK 3 6 97 65
LINK 1 13 136 38
LINK 20 1 180 34
LINK 168 8 54 69
LINK 197 2 138 11
LINK 139 1 64 3
LINK 148 15 141 17
LINK 146 12 160 100
LINK 3 0 64 56
LINK 134 15 145 53
LINK 193 3 38 12
LINK 140 2 80 37
LINK 77 8 147 67
LINK 58 1 22 5
LINK 186 9 122 83
LINK 118 0 182 72
LINK 41 12 179 74
LINK 196 10 78 40
LINK 198 3 51 38
LINK 158 9 74 87
LINK 2 3 105 59
LINK 134 5 64 71
LINK 39 8 105 8
LINK 169 13 180 10
LINK 34 5 135 82
LINK 33 4 121 82
LINK 80 3 119 89
LINK 5 7 127 7
LINK 68 15 65 1
LINK 109 7 23 100
LINK 64 14 7 33
LINK 164 1 194 97
LINK 48 7 130 32
LINK 140 10 13 71
LINK 126 11 112 82
LINK 27 5 88 94
LINK 21 0 46 30
LINK 184 3 29 100
LINK 146 2 184 61
LINK 125 0 58 24
LINK 104 10 107 44
LINK 141 6 166 66
LINK 2 4 148 81
LINK 67 2 26 87
LINK 43 15 168 27
LINK 43 3 26 89
LINK 135 0 49 11
LINK 137 1 86 40
LINK 149 7 35 89
LINK 62 0 107 16
LINK 29 13 148 95
LINK 192 4 134 35
LINK 148 4 13 91
LINK 1 13 131 87
LINK 150 10 97 86
LINK 189 13 125 89
LINK 77 15 177 38
LINK 64 10 153 92
LINK 88 3 139 32
LINK 25 15 18 72
LINK 76 5 114 76
LINK 171 11 162 20
LINK 175 1 157 15
LINK 143 0 3 19
