100
LINK 36 10 56 31
LINK 76 10 101 27
LINK 10 12 65 77
LINK 105 2 171 48
LINK 39 14 6 28
LINK 134 1 156 36
LINK 64 6 125 91
LINK 14 10 23 49
LINK 157 5 179 84
LINK 177 14 10 38
LINK 156 9 66 12
LINK 100 3 60 38
LINK 26 0 65 12
LINK 42 12 99 57
LINK 19 14 147 32
LINK 161 8 32 69
LINK 151 2 53 27
LINK 193 5 16 100
LINK 40 8 64 39
LINK 20 2 29 98
LINK 91 4 109 84
LINK 17 14 140 87
LINK 181 5 170 42
LINK 158 1 10 8
LINK 164 5 186 8
LINK 28 0 8 19
LINK 185 6 109 57
LINK 145 8 154 87
LINK 182 5 70 50
LINK 68 8 137 100
LINK 198 9 141 55
LINK 59 6 63 22
LINK 116 15 130 95
LINK 1 0 113 37
LINK 111 5 93 7
LINK 110 13 193 43
LINK 59 5 193 78
LINK 174 8 78 71
LINK 138 9 125 49
LINK 72 10 170 88
LINK 187 10 34 39
LINK 91 2 75 1
LINK 120 15 7 81
LINK 117 6 24 76
LINK 164 7 53 37
LINK 200 9 107 37
LINK 100 7 37 23
LINK 122 6 110 60
LINK 9 15 198 100
LINK 42 8 100 13
LINK 144 10 93 60
LINK 9 11 187 73
LINK 35 7 109 34
LINK 121 7 123 72
LINK 103 14 95 24
LINK 117 3 36 26
LINK 51 0 177 44
LINK 161 11 156 56
LINK 86 8 68 95
LINK 116 5 67 51
LINK 45 6 136 18
LINK 46 9 89 48
LINK 17 6 124 33
LINK 91 6 10 93
LINK 95 1 137 56
LINK 14 11 111 99
LINK 44 1 193 60
LINK 32 10 62 28
LINK 138 4 145 83
LINK 7 1 131 23
LINK 120 5 107 62
LINK 164 4 55 10
LINK 54 14 65 19
LINK 186 15 118 30
LINK 105 13 141 88
LINK 73 1 116 62
LINK 102 11 144 8
LINK 197 1 82 69
LINK 31 12 30 46
LINK 57 3 156 62
LINK 178 3 81 64
LINK 147 13 145 4
LINK 11 12 91 35
LINK 190 5 196 91
LINK 170 3 151 66
LINK 117 15 186 100
LINK 172 7 45 80
LINK 51 15 42 81
LINK 124 9 96 22
LINK 23 15 25 33
LINK 28 3 68 17
LINK 73 14 59 94
LINK 154 0 160 23
LINK 193 8 122 64
LINK 112 13 144 15
LINK 70 8 95 93
LINK 10 13 14 32
LINK 133 14 16 60
LINK 106 10 128 30
LINK 50 9 124 55
