100
LINK 138 5 183 51
LINK 104 5 180 90
LINK 88 0 94 31
LINK 60 12 184 30
LINK 59 7 172 56
LINK 56 6 79 7
LINK 81 3 92 91
LINK 157 8 85 46
LINK 190 2 196 45
LINK 104 14 86 92
LINK 175 11 74 35
LINK 128 0 164 38
LINK 193 6 45 48
LINK 69 3 7 1
LINK 127 1 43 35
LINK 10 14 80 51
LINK 145 3 147 49
LINK 154 8 192 29
LINK 164 0 115 43
LINK 122 5 180 14
LINK 116 8 113 84
LINK 100 6 36 78
LINK 120 13 12 29
LINK 157 10 31 1
LINK 70 1 101 76
LINK 162 3 56 25
LINK 109 1 167 30
LINK 199 9 95 14
LINK 74 14 49 25
LINK 30 3 102 49
LINK 113 0 78 69
LINK 108 3 122 77
LINK 37 13 104 98
LINK 18 6 74 26
LINK 80 15 107 78
LINK 42 8 143 67
LINK 159 6 192 40
LINK 26 4 89 91
LINK 158 5 111 17
LINK 177 15 145 66
LINK 158 0 163 75
LINK 7 4 100 87
LINK 180 13 116 21
LINK 158 10 88 68
LINK 1 14 8 79
LINK 75 15 21 32
LINK 165 10 200 41
LINK 115 0 58 72
LINK 145 4 198 3
LINK 9 8 141 40
LINK 54 0 161 63
LINK 67 15 182 19
LINK 30 12 149 4
LINK 36 8 88 52
LINK 100 14 45 66
LINK 183 5 37 27
LINK 74 9 30 34
LINK 82 9 174 87
LINK 178 5 1 96
LINK 37 5 15 66
LINK 123 2 121 10
LINK 84 7 62 35
LINK 199 9 100 81
LINK 7 15 60 33
LINK 73 8 66 54
LINK 10 6 192 88
LINK 76 15 183 12
LINK 125 12 129 47
LINK 64 1 157 99
LINK 9 1 185 7
LINK 75 3 140 81
LINK 123 6 65 95
LINK 39 10 100 48
LINK 121 2 187 97
LINK 34 9 108 58
LINK 70 12 5 85
LINK 38 0 183 98
LINK 130 6 5 4
LINK 154 7 36 76
LINK 94 4 70 84
LINK 31 8 131 3
LINK 11 5 99 96
LINK 191 6 154 12
LINK 147 13 97 36
LINK 22 6 133 51
LINK 150 8 154 3
LINK 184 12 179 29
LINK 193 7 112 23
LINK 73 2 78 35
LINK 64 7 31 6
LINK 86 7 17 84
LINK 45 0 119 66
LINK 144 3 16 45
LINK 92 8 147 28
LINK 13 12 8 6
LINK 77 15 180 1
LINK 66 0 135 29
LINK 185 4 134 70
LINK 100 5 6 44
LINK 15 3 9 10
