100
LINK 63 5 91 7
LINK 194 13 70 51
LINK 136 5 27 39
LINK 114 11 46 68
LINK 105 3 64 78
LINK 95 15 88 78
LINK 29 14 130 11
LINK 115 4 166 77
LINK 194 15 135 88
LINK 30 3 190 65
LINK 154 7 103 19
LINK 148 3 86 52
LINK 64 5 29 10
LINK 37 4 88 17
LINK 3 8 27 17
LINK 117 8 46 63
LINK 200 3 2 29
LINK 136 14 193 89
LINK 158 15 59 57
LINK 147 7 108 62
LINK 197 0 72 85
LINK 157 6 2 59
LINK 127 3 27 96
LINK 172 15 58 72
LINK 52 10 152 39
LINK 1 0 27 58
LINK 144 12 15 90
LINK 132 1 4 29
LINK 162 10 113 70
LINK 185 9 28 63
LINK 94 14 58 65
LINK 78 10 188 81
LINK 173 3 19 25
LINK 84 4 83 79
LINK 33 0 68 17
LINK 122 14 45 36
LINK 97 4 105 33
LINK 175 4 96 68
LINK 91 0 84 20
LINK 20 15 153 44
LINK 11 10 69 46
LINK 120 6 24 4
LINK 151 10 20 24
LINK 66 7 11 14
LINK 77 3 147 51
LINK 152 1 70 94
LINK 98 8 113 17
LINK 24 8 61 86
LINK 188 8 31 59
LINK 183 5 162 85
LINK 49 5 60 66
LINK 101 6 179 77
LINK 186 4 179 89
LINK 70 7 82 20
LINK 1 1 36 76
LINK 11 15 114 98
LINK 80 15 56 14
LINK 102 0 98 2
LINK 102 5 167 55
LINK 180 8 131 17
LINK 174 13 5 95
LINK 109 13 114 9
LINK 31 13 37 41
LINK 101 13 190 81
LINK 197 4 194 98
LINK 118 3 151 71
LINK 153 4 125 32
LINK 166 7 48 91
LINK 117 11 85 25
LINK 41 6 86 71
LINK 52 9 64 4
LINK 175 4 84 71
LINK 2 13 21 19
LINK 73 10 41 77
LINK 40 5 60 5
LINK 173 2 95 89
LINK 62 2 65 2
LINK 81 5 124 84
LINK 175 10 188 1
LINK 192 14 72 45
LINK 4 11 15 28
LINK 62 14 4 53
LINK 20 14 57 92
LINK 121 6 32 34
LINK 34 8 35 66
LINK 150 14 150 77
LINK 97 8 177 88
LINK 111 7 184 67
LINK 91 5 94 5
LINK 53 1 157 72
LINK 112 13 16 85
LINK 68 6 118 1
LINK 47 0 167 97
LINK 15 11 25 11
LINK 156 8 151 18
LINK 1 13 84 91
LINK 132 9 147 36
LINK 27 7 7 38
LINK 69 5 74 36
LINK 21 7 189 67
