100
LINK 84 2 134 21
LINK 55 8 59 36
LINK 154 10 195 44
LINK 136 10 15 33
LINK 176 10 170 96
LINK 105 5 115 16
LINK 167 7 185 18
LINK 39 12 87 23
LINK 87 11 195 42
LINK 12 4 129 65
LINK 192 10 108 27
LINK 61 10 159 36
LINK 13 7 83 17
LINK 133 4 85 51
LINK 68 4 169 59
LINK 25 14 181 12
LINK 26 14 5 37
LINK 179 12 153 22
LINK 111 3 48 71
LINK 86 5 158 99
LINK 38 8 167 22
LINK 141 2 173 9
LINK 23 4 19 48
LINK 99 14 111 76
LINK 125 10 64 55
LINK 103 7 177 13
LINK 179 7 183 17
LINK 134 3 67 23
LINK 84 0 196 25
LINK 36 15 185 58
LINK 12 2 105 62
LINK 153 6 137 29
LINK 33 7 83 35
LINK 119 10 99 98
LINK 187 8 114 20
LINK 125 11 194 8
LINK 164 12 184 99
LINK 109 15 57 72
LINK 74 8 134 78
LINK 80 5 6 64
LINK 174 8 151 92
LINK 99 8 189 85
LINK 82 5 156 6
LINK 33 12 165 49
LINK 90 4 147 98
LINK 172 2 21 46
LINK 68 9 23 99
LINK 128 4 162 1
LINK 69 15 144 19
LINK 113 12 4 46
LINK 138 6 103 23
LINK 60 10 71 49
LINK 119 8 98 43
LINK 124 5 40 91
LINK 24 13 41 51
LINK 194 9 3 62
LINK 18 1 181 82
LINK 182 15 179 72
LINK 46 0 146 5
LINK 99 15 5 70
LINK 136 5 164 59
LINK 124 2 1 47
LINK 16 8 49 10
LINK 195 2 23 12
LINK 100 10 45 34
LINK 90 6 105 36
LINK 55 1 40 53
LINK 17 12 74 52
LINK 50 4 163 73
LINK 191 2 71 7
LINK 4 14 16 98
LINK 73 5 161 73
LINK 193 4 158 34
LINK 179 5 169 33
LINK 63 0 137 31
LINK 157 10 134 58
LINK 151 7 131 42
LINK 59 0 148 14
LINK 72 2 163 96
LINK 104 10 68 48
LINK 31 8 82 61
LINK 190 9 145 52
LINK 162 8 34 70
LINK 195 7 28 46
LINK 15 13 87 25
LINK 62 1 38 33
LINK 100 15 29 55
LINK 74 15 3 56
LINK 25 3 16 66
LINK 85 7 170 47
LINK 193 2 116 87
LINK 122 14 84 89
LINK 4 9 113 66
LINK 107 14 198 58
LINK 54 1 113 80
LINK 178 10 135 54
LINK 198 14 119 34
LINK 62 7 80 54
LINK 43 11 193 64
LINK 90 11 52 94
