100
LINK 42 5 70 99
LINK 123 7 152 10
LINK 112 15 95 24
LINK 69 0 64 52
LINK 79 2 62 89
LINK 104 4 140 37
LINK 118 10 63 36
LINK 148 13 6 41
LINK 51 11 39 25
LINK 195 13 134 58
LINK 117 3 33 38
LINK 148 7 89 26
LINK 34 13 14 90
LINK 154 0 26 71
LINK 115 0 58 15
LINK 86 6 155 88
LINK 194 1 165 88
LINK 87 1 197 56
LINK 78 12 93 25
LINK 76 4 51 62
LINK 34 15 151 39
LINK 169 15 9 35
LINK 16 9 49 53
LINK 184 3 93 78
LINK 101 0 117 39
LINK 106 9 94 83
LINK 94 1 8 70
LINK 70 9 183 3
LINK 25 12 41 93
LINK 60 0 180 28
LINK 170 3 32 54
LINK 183 3 131 35
LINK 132 14 174 90
LINK 112 10 124 58
LINK 5 10 79 74
LINK 92 12 129 17
LINK 193 0 61 4
LINK 122 7 183 91
LINK 20 6 44 54
LINK 42 13 189 74
LINK 125 9 115 36
LINK 132 13 145 88
LINK 121 6 162 12
LINK 83 9 80 27
LINK 162 12 31 83
LINK 180 12 126 51
LINK 131 8 105 73
LINK 95 12 98 71
LINK 158 11 158 89
LINK 49 6 177 21
LINK 125 9 133 8
LINK 131 3 34 44
LINK 104 7 127 36
LINK 181 11 186 11
LINK 172 1 83 18
LINK 86 11 140 43
LINK 143 1 132 44
LINK 200 3 64 76
LINK 101 11 83 31
LINK 160 12 26 15
LINK 36 15 50 16
LINK 107 3 79 31
LINK 29 0 200 15
LINK 45 3 109 87
LINK 37 15 130 88
LINK 51 1 63 51
LINK 141 1 133 52
LINK 118 6 19 53
LINK 14 11 121 21
LINK 7 6 151 88
LINK 63 5 54 7
LINK 89 9 46 77
LINK 106 6 64 8
LINK 120 6 11 13
LINK 176 6 16 93
LINK 53 9 197 19
LINK 54 12 139 60
LINK 67 0 199 30
LINK 142 11 188 83
LINK 166 0 59 71
LINK 160 2 178 31
LINK 153 3 195 80
LINK 83 2 172 87
LINK 44 7 105 97
LINK 37 10 109 3
LINK 35 10 32 29
LINK 159 11 111 24
LINK 4 8 146 15
LINK 147 2 98 99
LINK 111 3 130 45
LINK 54 4 31 98
LINK 173 15 146 9
LINK 130 5 111 17
LINK 113 6 197 23
LINK 66 2 98 21
LINK 179 10 88 26
LINK 117 0 176 79
LINK 28 9 123 82
LINK 158 9 131 30
LINK 41 11 138 22
