100
LINK 167 10 59 5
LINK 125 0 141 76
LINK 144 15 19 27
LINK 50 2 95 59
LINK 39 14 8 18
LINK 29 9 169 97
LINK 91 3 174 30
LINK 52 15 112 18
LINK 194 10 123 71
LINK 139 14 98 34
LINK 14 3 161 63
LINK 118 14 22 56
LINK 21 12 25 49
LINK 126 9 46 69
LINK 5 2 98 8
LINK 178 9 25 23
LINK 132 10 193 22
LINK 114 9 56 79
LINK 158 15 94 75
LINK 126 2 183 46
LINK 47 14 146 73
LINK 152 14 93 8
LINK 113 5 115 42
LINK 151 3 165 82
LINK 190 4 104 3
LINK 151 14 134 8
LINK 78 2 182 3
LINK 93 11 148 91
LINK 75 12 15 26
LINK 188 2 86 52
LINK 97 15 94 47
LINK 91 9 81 33
LINK 118 7 87 68
LINK 94 3 175 71
LINK 46 4 173 38
LINK 24 15 29 98
LINK 116 2 76 55
LINK 150 0 107 46
LINK 112 15 44 55
LINK 9 11 187 78
LINK 59 8 146 52
LINK 45 7 122 90
LINK 180 5 28 56
LINK 117 7 5 85
LINK 50 15 39 51
LINK 144 8 196 8
LINK 96 15 162 4
LINK 115 3 134 74
LINK 124 6 77 68
LINK 150 14 10 82
LINK 196 4 189 13
LINK 196 8 49 97
LINK 177 14 148 72
LINK 184 14 79 79
LINK 86 7 135 53
LINK 91 3 78 67
LINK 146 9 86 47
LINK 104 6 80 100
LINK 35 3 164 30
LINK 165 11 27 93
LINK 50 13 164 33
LINK 68 2 112 6
LINK 186 13 58 77
LINK 113 6 195 10
LINK 40 7 8 96
LINK 127 15 147 61
LINK 59 5 143 23
LINK 73 8 67 22
LINK 94 14 155 13
LINK 25 9 170 10
LINK 63 10 38 27
LINK 65 7 88 57
LINK 64 14 104 42
LINK 86 9 54 45
LINK 63 3 119 35
LINK 116 1 8 61
LINK 16 1 26 92
LINK 131 10 1 45
LINK 126 6 23 42
LINK 22 5 198 37
LINK 109 12 178 94
LINK 102 15 138 16
LINK 179 0 50 47
LINK 194 9 7 9
LINK 123 15 152 6
LINK 131 7 102 8
LINK 94 12 149 68
LINK 138 10 104 46
LINK 151 1 40 5
LINK 17 8 120 95
LINK 137 1 193 30
LINK 131 15 90 5
LINK 135 8 162 17
LINK 97 15 24 90
LINK 140 12 57 29
LINK 23 0 75 73
LINK 146 9 177 14
LINK 146 8 108 35
LINK 170 4 164 100
LINK 52 13 56 38
