100
LINK 155 7 58 2
LINK 116 2 127 41
LINK 162 13 185 84
LINK 165 15 193 54
LINK 133 7 169 53
LINK 130 8 125 11
LINK 176 15 2 81
LINK 11 4 151 66
LINK 189 8 119 4
LINK 91 12 144 4
LINK 34 0 39 50
LINK 200 6 4 84
LINK 94 3 136 75
LINK 44 3 38 71
LINK 19 6 3 82
LINK 100 9 99 40
LINK 162 0 143 4
LINK 165 6 7 98
LINK 119 5 148 18
LINK 28 6 2 74
LINK 74 0 48 18
LINK 197 12 40 67
LINK 76 10 100 27
LINK 196 5 166 9
LINK 166 11 112 82
LINK 98 5 80 16
LINK 67 2 86 47
LINK 81 6 120 54
LINK 175 14 71 23
LINK 4 6 42 31
LINK 105 4 109 52
LINK 139 1 160 56
LINK 85 6 138 83
LINK 92 8 150 11
LINK 147 2 157 27
LINK 73 11 132 100
LINK 194 10 122 97
LINK 65 10 179 21
LINK 56 14 172 46
LINK 112 10 1 97
LINK 105 9 131 48
LINK 10 15 10 56
LINK 19 13 134 43
LINK 193 1 42 87
LINK 20 3 135 36
LINK 30 9 156 85
LINK 200 14 30 12
LINK 161 14 60 17
LINK 72 13 164 82
LINK 21 5 189 39
LINK 91 2 82 84
LINK 92 2 22 63
LINK 190 3 50 20
LINK 21 4 56 21
LINK 35 5 84 47
LINK 68 14 163 91
LINK 84 5 172 4
LINK 3 8 95 46
LINK 139 15 81 30
LINK 2 5 44 92
LINK 9 4 163 30
LINK 49 9 2 83
LINK 103 4 29 22
LINK 179 6 13 62
LINK 20 15 117 75
LINK 200 10 20 38
LINK 138 11 119 92
LINK 1 9 83 9
LINK 54 12 190 2
LINK 14 6 136 69
LINK 27 3 142 57
LINK 58 1 18 30
LINK 42 14 4 41
LINK 97 14 131 87
LINK 122 8 78 74
LINK 163 15 34 16
LINK 60 15 70 25
LINK 166 4 93 45
LINK 73 10 101 82
LINK 92 6 63 33
LINK 157 1 126 5
LINK 40 15 191 61
LINK 56 11 186 18
LINK 83 3 34 42
LINK 195 14 167 12
LINK 163 10 8 87
LINK 197 4 69 89
LINK 131 2 21 87
LINK 149 1 91 88
LINK 153 9 101 61
LINK 53 13 178 36
LINK 57 10 29 51
LINK 17 10 115 32
LINK 6 1 118 54
LINK 182 1 42 12
LINK 21 6 198 69
LINK 112 8 156 17
LINK 74 7 177 78
LINK 94 1 165 50
LINK 69 9 153 37
