100
LINK 120 6 99 14
LINK 174 10 173 10
LINK 89 3 26 95
LINK 101 15 129 39
LINK 195 8 83 46
LINK 74 0 105 27
LINK 48 15 131 26
LINK 124 10 172 43
LINK 137 5 56 10
LINK 72 12 72 61
LINK 176 8 7 28
LINK 17 6 19 11
LINK 40 12 108 65
LINK 85 4 192 85
LINK 28 1 10 3
LINK 44 4 97 81
LINK 154 0 90 77
LINK 85 8 89 60
LINK 10 7 87 78
LINK 182 8 140 73
LINK 110 14 38 94
LINK 163 4 30 43
LINK 54 6 45 98
LINK 75 13 30 28
LINK 46 6 157 30
LINK 184 12 141 93
LINK 140 10 122 74
LINK 36 12 46 45
LINK 59 10 90 74
LINK 15 7 116 21
LINK 62 15 118 37
LINK 101 2 116 98
LINK 17 7 179 52
LINK 117 6 96 8
LINK 50 0 81 85
LINK 77 6 181 88
LINK 113 5 61 28
LINK 141 7 148 55
LINK 87 8 91 40
LINK 115 13 37 83
LINK 30 15 35 98
LINK 38 1 105 87
LINK 99 9 171 27
LINK 16 6 14 80
LINK 173 9 159 65
LINK 153 1 19 92
LINK 74 4 131 40
LINK 67 6 23 48
LINK 38 0 145 76
LINK 90 0 162 88
LINK 138 12 115 5
LINK 187 7 185 59
LINK 106 6 176 10
LINK 1 9 1 26
LINK 55 2 166 73
LINK 154 11 120 91
LINK 148 7 66 37
LINK 16 11 177 6
LINK 64 2 162 50
LINK 170 1 161 75
LINK 41 15 37 93
LINK 129 4 170 35
LINK 24 6 159 77
LINK 74 13 119 73
LINK 45 8 162 13
LINK 164 9 118 79
LINK 28 6 28 49
LINK 177 11 176 69
LINK 123 11 113 4
LINK 152 1 90 75
LINK 169 0 151 94
LINK 78 5 119 75
LINK 6 15 87 21
LINK 169 11 99 48
LINK 186 13 96 62
LINK 66 6 82 40
LINK 34 9 95 86
LINK 180 0 160 48
LINK 185 14 93 14
LINK 132 2 88 89
LINK 42 13 9 10
LINK 81 10 109 19
LINK 136 4 132 1
LINK 27 13 93 61
LINK 111 10 198 90
LINK 123 4 189 7
LINK 19 1 73 2
LINK 92 7 142 34
LINK 38 5 143 70
LINK 160 11 88 96
LINK 8 11 48 86
LINK 185 11 198 95
LINK 79 2 137 1
LINK 104 4 60 74
LINK 6 3 128 98
LINK 43 4 183 32
LINK 19 12 102 30
LINK 80 4 25 87
LINK 160 8 73 96
LINK 164 5 143 42
