100
LINK 73 3 150 99
LINK 62 7 72 13
LINK 174 14 56 83
LINK 20 11 56 48
LINK 184 5 130 65
LINK 38 11 27 11
LINK 113 1 103 23
LINK 144 11 77 16
LINK 184 9 15 45
LINK 129 13 157 54
LINK 172 12 88 44
LINK 40 6 143 75
LINK 92 7 191 81
LINK 11 8 92 75
LINK 58 1 198 1
LINK 6 9 169 89
LINK 3 14 33 31
LINK 124 5 136 48
LINK 106 14 191 97
LINK 165 12 71 8
LINK 157 4 89 67
LINK 133 3 42 43
LINK 29 6 95 34
LINK 16 14 174 18
LINK 149 6 100 73
LINK 100 10 120 57
LINK 57 5 53 73
LINK 194 2 132 50
LINK 39 3 69 71
LINK 103 5 113 32
LINK 52 15 117 67
LINK 22 10 36 23
LINK 49 14 195 100
LINK 121 1 56 29
LINK 79 11 53 72
LINK 134 7 174 72
LINK 156 9 94 10
LINK 55 14 93 6
LINK 166 9 124 39
LINK 52 14 61 100
LINK 197 6 151 69
LINK 24 5 197 2
LINK 17 0 126 2
LINK 184 2 25 39
LINK 44 5 101 98
LINK 76 0 3 93
LINK 2 5 132 53
LINK 188 15 104 84
LINK 103 13 52 78
LINK 163 7 132 31
LINK 48 0 184 83
LINK 59 15 74 2
LINK 126 5 151 53
LINK 166 8 146 68
LINK 182 4 172 69
LINK 124 11 152 78
LINK 33 2 56 48
LINK 2 2 30 1
LINK 195 13 183 53
LINK 21 15 106 98
LINK 29 7 51 47
LINK 160 3 66 41
LINK 176 4 109 51
LINK 16 11 29 49
LINK 14 11 148 67
LINK 174 0 167 68
LINK 190 4 172 63
LINK 157 4 60 37
LINK 84 5 83 43
LINK 9 11 135 36
LINK 137 2 187 4
LINK 6 14 152 71
LINK 2 10 137 75
LINK 28 6 94 69
LINK 155 8 131 63
LINK 93 14 152 76
LINK 156 9 170 65
LINK 86 7 52 74
LINK 98 5 77 55
LINK 4 12 25 57
LINK 31 0 83 10
LINK 167 7 179 73
LINK 144 12 88 36
LINK 155 6 163 11
LINK 24 3 27 61
LINK 187 5 34 36
LINK 68 14 90 23
LINK 43 9 180 73
LINK 26 13 35 44
LINK 190 12 17 33
LINK 177 15 121 32
LINK 142 2 194 17
LINK 119 11 130 57
LINK 49 2 93 68
LINK 177 13 91 19
LINK 200 5 44 25
LINK 83 13 169 24
LINK 42 0 109 18
LINK 40 12 101 33
LINK 15 5 1 85
