100
LINK 181 15 131 83
LINK 41 1 36 87
LINK 85 6 43 99
LINK 97 14 158 57
LINK 105 2 44 69
LINK 104 7 37 83
LINK 1 0 33 69
LINK 184 15 158 65
LINK 191 15 147 31
LINK 82 13 17 66
LINK 92 11 17 40
LINK 154 13 96 11
LINK 48 11 179 51
LINK 27 15 85 27
LINK 176 5 147 12
LINK 93 15 76 83
LINK 192 13 66 25
LINK 108 1 190 99
LINK 45 5 139 99
LINK 83 1 9 30
LINK 29 10 32 56
LINK 106 4 34 34
LINK 34 12 145 78
LINK 36 3 160 27
LINK 193 0 3 52
LINK 163 8 51 7
LINK 150 12 157 85
LINK 78 12 114 7
LINK 56 1 114 61
LINK 62 10 146 47
LINK 79 9 124 15
LINK 61 10 93 6
LINK 164 7 57 26
LINK 40 2 84 41
LINK 199 0 125 77
LINK 157 14 135 12
LINK 136 15 125 49
LINK 146 13 147 25
LINK 112 13 91 72
LINK 56 14 177 19
LINK 30 9 96 69
LINK 44 11 10 43
LINK 20 13 71 28
LINK 124 12 92 11
LINK 52 15 159 49
LINK 37 0 173 100
LINK 78 6 72 34
LINK 198 7 104 79
LINK 185 7 48 81
LINK 179 0 23 50
LINK 94 12 77 18
LINK 49 15 180 52
LINK 135 2 200 24
LINK 147 12 23 25
LINK 139 5 158 88
LINK 198 12 67 34
LINK 164 1 114 94
LINK 74 15 43 67
LINK 132 7 136 80
LINK 191 11 183 78
LINK 6 14 1 52
LINK 107 14 128 97
LINK 173 4 37 70
LINK 50 6 103 13
LINK 120 8 59 93
LINK 56 12 159 40
LINK 124 14 119 15
LINK 162 13 144 67
LINK 36 15 70 94
LINK 70 5 90 94
LINK 186 5 163 35
LINK 132 1 200 51
LINK 138 9 43 93
LINK 110 1 132 34
LINK 200 10 100 61
LINK 56 2 79 43
LINK 138 3 136 59
LINK 49 8 153 35
LINK 55 2 21 86
LINK 84 11 37 21
LINK 29 6 166 91
LINK 184 0 124 35
LINK 51 6 47 58
LINK 17 12 100 6
LINK 177 10 64 77
LINK 164 7 163 18
LINK 83 7 155 66
LINK 155 6 139 36
LINK 174 7 26 9
LINK 152 4 44 55
LINK 75 9 164 43
LINK 119 7 148 95
LINK 50 2 23 13
LINK 179 9 182 61
LINK 121 0 178 27
LINK 31 11 162 4
LINK 19 10 113 23
LINK 191 3 77 17
LINK 149 15 59 67
LINK 55 5 113 57
