100
LINK 119 14 111 52
LINK 34 14 199 9
LINK 40 6 135 66
LINK 101 1 97 33
LINK 123 12 44 60
LINK 65 13 92 52
LINK 104 3 87 56
LINK 82 15 73 52
LINK 166 14 4 51
LINK 166 9 112 57
LINK 136 5 74 36
LINK 72 2 68 46
LINK 39 14 57 3
LINK 52 12 55 56
LINK 64 12 11 45
LINK 100 10 97 66
LINK 169 11 168 34
LINK 5 14 90 40
LINK 29 3 127 100
LINK 86 9 45 24
LINK 8 5 178 59
LINK 2 7 14 17
LINK 77 7 161 76
LINK 10 8 193 79
LINK 60 8 64 16
LINK 143 1 155 71
LINK 21 8 22 58
LINK 130 2 133 37
LINK 72 5 148 25
LINK 94 8 41 22
LINK 41 8 97 50
LINK 114 9 180 25
LINK 154 11 141 48
LINK 101 6 171 73
LINK 80 7 130 9
LINK 162 5 98 85
LINK 123 4 9 16
LINK 61 0 137 1
LINK 154 9 103 67
LINK 27 9 191 32
LINK 29 10 131 81
LINK 130 12 153 9
LINK 45 9 169 6
LINK 47 9 191 70
LINK 14 6 185 75
LINK 152 9 127 57
LINK 59 4 75 85
LINK 63 8 168 91
LINK 100 1 172 29
LINK 151 3 37 95
LINK 110 4 152 8
LINK 175 13 77 40
LINK 45 5 166 48
LINK 135 12 4 93
LINK 121 5 29 83
LINK 46 11 26 45
LINK 45 4 125 95
LINK 176 8 141 37
LINK 70 12 145 96
LINK 186 4 135 82
LINK 82 12 129 68
LINK 145 3 112 65
LINK 113 11 200 11
LINK 39 8 55 36
LINK 125 11 182 100
LINK 44 10 137 13
LINK 167 8 108 52
LINK 53 2 86 87
LINK 95 5 54 91
LINK 50 5 55 62
LINK 9 5 24 100
LINK 182 14 35 6
LINK 162 7 158 5
LINK 90 5 118 56
LINK 78 8 160 30
LINK 171 4 16 17
LINK 10 13 7 59
LINK 139 13 173 99
LINK 19 11 98 1
LINK 26 3 58 87
LINK 100 6 192 89
LINK 12 12 45 89
LINK 85 11 19 8
LINK 200 1 24 9
LINK 159 6 68 97
LINK 44 15 196 14
LINK 35 12 14 13
LINK 177 15 199 76
LINK 38 5 16 2
LINK 50 11 90 35
LINK 15 11 142 66
LINK 46 12 175 4
LINK 147 9 53 42
LINK 185 15 156 19
LINK 44 0 31 72
LINK 144 13 47 34
LINK 171 14 135 21
LINK 74 15 107 41
LINK 84 15 6 81
LINK 116 3 36 15
