100
LINK 129 2 112 74
LINK 24 12 84 52
LINK 132 4 9 19
LINK 95 9 104 86
LINK 41 2 187 23
LINK 164 15 121 62
LINK 131 5 81 91
LINK 194 13 107 22
LINK 41 1 196 64
LINK 150 14 67 81
LINK 196 11 151 42
LINK 157 13 128 98
LINK 9 9 72 72
LINK 9 15 33 92
LINK 117 9 82 63
LINK 87 3 184 27
LINK 109 10 191 11
LINK 114 0 43 9
LINK 36 9 150 45
LINK 47 4 94 7
LINK 142 4 179 3
LINK 156 10 194 24
LINK 28 2 86 15
LINK 167 5 193 75
LINK 152 6 85 65
LINK 144 15 125 31
LINK 121 2 75 19
LINK 55 7 126 49
LINK 132 7 3 39
LINK 18 3 15 98
LINK 174 11 64 40
LINK 73 15 15 77
LINK 191 2 41 86
LINK 130 13 16 2
LINK 144 2 121 98
LINK 162 13 98 46
LINK 53 3 84 22
LINK 47 9 171 21
LINK 102 9 160 26
LINK 194 13 102 36
LINK 129 14 21 58
LINK 60 11 60 55
LINK 30 3 104 92
LINK 81 9 37 85
LINK 101 15 106 100
LINK 122 4 120 75
LINK 14 6 100 59
LINK 157 9 94 85
LINK 48 1 94 59
LINK 54 0 13 35
LINK 188 11 178 68
LINK 69 13 152 70
LINK 38 1 69 11
LINK 190 3 37 55
LINK 170 7 114 78
LINK 41 14 114 88
LINK 25 7 146 78
LINK 64 5 64 52
LINK 26 9 71 94
LINK 7 6 15 96
LINK 184 10 106 25
LINK 174 13 79 96
LINK 182 7 173 22
LINK 103 6 110 27
LINK 46 6 4 9
LINK 165 10 160 42
LINK 60 14 35 67
LINK 157 9 62 92
LINK 36 7 16 62
LINK 13 5 57 94
LINK 190 12 168 92
LINK 67 12 18 12
LINK 35 12 173 99
LINK 191 3 140 51
LINK 66 14 69 22
LINK 128 1 113 15
LINK 1 7 76 14
LINK 126 3 159 15
LINK 113 5 158 31
LINK 154 6 195 89
LINK 99 6 139 41
LINK 50 14 43 16
LINK 109 6 137 36
LINK 145 1 102 45
LINK 129 9 110 54
LINK 109 4 120 73
LINK 146 12 104 52
LINK 3 1 192 53
LINK 16 1 94 17
LINK 112 15 132 72
LINK 199 12 159 43
LINK 22 12 39 50
LINK 38 12 156 98
LINK 169 10 23 66
LINK 104 13 69 6
LINK 127 3 159 42
LINK 94 11 158 57
LINK 91 1 129 41
LINK 62 14 135 83
LINK 99 13 184 36
