100
LINK 19 8 120 28
LINK 110 10 75 48
LINK 3 15 51 33
LINK 80 4 2 76
LINK 95 7 159 98
LINK 30 15 133 4
LINK 145 7 174 15
LINK 94 4 6 12
LINK 181 4 91 43
LINK 200 13 90 54
LINK 29 11 86 61
LINK 65 15 136 59
LINK 191 5 9 20
LINK 150 12 75 94
LINK 68 15 60 13
LINK 45 1 176 77
LINK 94 2 19 45
LINK 184 11 198 12
LINK 152 3 72 68
LINK 75 7 126 65
LINK 5 13 36 54
LINK 178 5 200 97
LINK 61 10 109 57
LINK 76 12 34 22
LINK 103 3 166 86
LINK 64 11 97 15
LINK 151 8 182 77
LINK 80 10 193 36
LINK 97 11 142 74
LINK 41 4 71 1
LINK 151 2 110 79
LINK 167 6 100 69
LINK 146 0 154 9
LINK 84 2 175 34
LINK 123 11 10 54
LINK 167 1 189 15
LINK 181 1 88 21
LINK 22 13 74 25
LINK 41 14 103 59
LINK 77 9 28 74
LINK 122 4 135 6
LINK 183 4 191 5
LINK 17 8 10 35
LINK 106 14 149 87
LINK 80 3 59 54
LINK 98 3 178 90
LINK 18 7 48 94
LINK 185 10 68 6
LINK 8 9 63 90
LINK 62 13 47 30
LINK 6 15 116 11
LINK 158 7 149 90
LINK 4 7 43 1
LINK 43 11 142 61
LINK 51 12 106 87
LINK 168 4 44 75
LINK 78 10 116 40
LINK 112 1 121 17
LINK 122 12 179 31
LINK 52 15 20 55
LINK 39 13 107 81
LINK 33 7 93 35
LINK 189 14 21 8
LINK 75 8 82 53
LINK 123 12 44 34
LINK 63 3 102 36
LINK 152 15 166 56
LINK 159 9 10 97
LINK 199 12 30 84
LINK 116 1 18 56
LINK 24 6 163 99
LINK 7 3 3 29
LINK 145 13 114 59
LINK 113 14 94 17
LINK 46 10 172 5
LINK 196 4 153 95
LINK 1 5 178 17
LINK 56 2 124 79
LINK 89 14 129 95
LINK 34 10 175 78
LINK 128 15 88 93
LINK 54 12 9 100
LINK 192 11 56 39
LINK 112 7 85 13
LINK 142 13 181 97
LINK 161 15 27 49
LINK 142 3 96 28
LINK 38 5 57 18
LINK 110 0 110 15
LINK 125 5 14 68
LINK 49 4 7 12
LINK 29 2 24 22
LINK 57 3 118 17
LINK 60 7 17 53
LINK 3 7 80 93
LINK 134 0 62 95
LINK 33 10 109 9
LINK 192 2 129 92
LINK 95 14 103 75
LINK 177 14 196 33
