100
LINK 104 6 96 56
LINK 28 13 83 48
LINK 13 11 40 74
LINK 133 12 17 93
LINK 101 3 142 29
LINK 108 0 161 24
LINK 12 4 85 86
LINK 165 14 138 68
LINK 77 0 175 56
LINK 159 9 155 23
LINK 181 10 96 66
LINK 47 15 158 47
LINK 132 10 27 39
LINK 43 2 62 6
LINK 56 1 191 20
LINK 88 7 39 16
LINK 112 13 124 70
LINK 23 13 192 55
LINK 24 7 20 71
LINK 103 8 169 34
LINK 179 3 24 21
LINK 134 4 26 89
LINK 134 7 8 73
LINK 47 14 41 59
LINK 12 3 180 34
LINK 193 11 188 17
LINK 163 15 87 17
LINK 40 6 3 19
LINK 2 1 191 36
LINK 63 0 76 48
LINK 136 11 73 35
LINK 34 8 93 97
LINK 180 7 30 72
LINK 195 0 188 9
LINK 80 9 126 20
LINK 33 15 90 86
LINK 105 7 73 19
LINK 48 4 19 84
LINK 136 2 118 69
LINK 155 1 165 34
LINK 185 1 57 32
LINK 66 4 40 98
LINK 22 12 17 6
LINK 196 9 192 53
LINK 185 15 171 85
LINK 116 4 120 51
LINK 31 12 19 85
LINK 150 6 70 86
LINK 32 6 17 98
LINK 123 0 195 96
LINK 77 2 102 73
LINK 20 12 125 56
LINK 12 6 140 28
LINK 36 10 178 18
LINK 47 12 155 48
LINK 35 7 34 67
LINK 102 9 116 76
LINK 162 13 72 39
LINK 176 4 111 95
LINK 121 2 150 32
LINK 33 9 59 20
LINK 100 12 38 99
LINK 137 7 198 23
LINK 167 6 189 21
LINK 185 7 148 46
LINK 117 2 136 92
LINK 95 13 38 15
LINK 184 3 99 69
LINK 29 12 140 80
LINK 97 0 130 85
LINK 72 7 108 91
LINK 110 15 11 46
LINK 104 5 144 20
LINK 129 6 64 75
LINK 125 12 142 60
LINK 40 7 28 20
LINK 148 7 52 45
LINK 48 4 29 20
LINK 108 7 110 70
LINK 184 7 15 39
LINK 29 13 58 9
LINK 37 8 84 13
LINK 126 8 124 65
LINK 16 7 137 63
LINK 23 11 159 70
LINK 168 11 189 28
LINK 75 9 197 10
LINK 121 10 48 2
LINK 73 1 162 61
LINK 130 4 173 7
LINK 21 15 124 88
LINK 151 3 151 73
LINK 47 12 195 14
LINK 48 14 193 75
LINK 185 12 84 57
LINK 104 11 158 76
LINK 141 7 36 22
LINK 116 15 181 89
LINK 7 7 76 58
LINK 163 1 82 9
