100
LINK 107 13 197 5
LINK 92 4 85 24
LINK 22 15 126 84
LINK 63 4 55 95
LINK 44 15 72 19
LINK 62 8 73 14
LINK 92 7 117 87
LINK 119 7 77 26
LINK 61 8 30 4
LINK 77 9 80 50
LINK 65 4 34 27
LINK 9 15 74 4
LINK 175 8 23 37
LINK 122 14 2 65
LINK 166 13 51 84
LINK 109 6 61 70
LINK 151 1 25 79
LINK 59 7 29 23
LINK 60 13 2 68
LINK 53 2 24 27
LINK 171 13 15 92
LINK 92 8 8 9
LINK 86 10 44 47
LINK 185 8 68 88
LINK 98 3 18 9
LINK 196 13 183 55
LINK 59 7 75 11
LINK 58 9 90 29
LINK 95 15 72 38
LINK 72 7 146 10
LINK 90 12 56 26
LINK 197 10 113 47
LINK 14 10 107 61
LINK 128 8 16 39
LINK 73 9 1 82
LINK 139 9 62 85
LINK 146 13 122 17
LINK 165 10 126 54
LINK 159 4 31 8
LINK 55 7 106 69
LINK 178 11 29 5
LINK 52 3 195 24
LINK 37 3 158 27
LINK 37 10 111 82
LINK 104 15 199 20
LINK 2 3 25 13
LINK 9 7 172 63
LINK 151 4 83 28
LINK 40 7 184 91
LINK 11 2 167 48
LINK 126 3 126 62
LINK 94 12 144 98
LINK 172 13 169 26
LINK 121 1 190 29
LINK 1 0 144 51
LINK 189 1 30 80
LINK 193 12 70 4
LINK 143 11 3 68
LINK 111 15 30 57
LINK 116 12 106 40
LINK 18 1 165 90
LINK 19 1 19 19
LINK 66 1 169 6
LINK 91 5 137 84
LINK 163 13 39 5
LINK 146 8 173 56
LINK 120 9 164 88
LINK 30 4 27 99
LINK 143 6 88 61
LINK 48 9 180 65
LINK 171 3 22 14
LINK 50 5 49 12
LINK 163 6 116 8
LINK 79 15 116 98
LINK 145 6 185 74
LINK 100 2 172 94
LINK 105 3 106 52
LINK 69 12 16 40
LINK 137 4 53 86
LINK 146 12 149 9
LINK 139 15 168 17
LINK 104 10 14 100
LINK 66 14 174 17
LINK 113 0 110 18
LINK 108 6 121 29
LINK 52 0 168 88
LINK 77 11 125 23
LINK 24 0 83 62
LINK 88 1 178 43
LINK 189 14 143 6
LINK 93 11 122 58
LINK 164 6 127 24
LINK 45 14 104 48
LINK 87 6 35 64
LINK 194 14 138 17
LINK 135 11 130 23
LINK 173 10 165 13
LINK 1 2 118 94
LINK 126 14 51 42
LINK 69 8 17 66
