100
LINK 134 11 28 65
LINK 6 11 185 96
LINK 88 3 144 98
LINK 38 11 21 49
LINK 23 3 142 2
LINK 178 9 60 70
LINK 35 6 133 39
LINK 143 0 105 76
LINK 52 3 140 57
LINK 39 3 105 26
LINK 167 15 23 56
LINK 43 10 5 65
LINK 87 1 66 16
LINK 35 5 37 22
LINK 196 8 60 90
LINK 121 3 166 73
LINK 199 0 181 90
LINK 85 4 115 51
LINK 133 1 159 75
LINK 84 2 192 22
LINK 12 8 89 46
LINK 86 4 19 34
LINK 46 13 123 66
LINK 145 7 90 44
LINK 49 14 85 85
LINK 107 14 87 39
LINK 40 12 166 76
LINK 159 12 197 70
LINK 117 5 168 55
LINK 162 9 188 59
LINK 16 13 125 60
LINK 54 5 55 54
LINK 188 10 138 95
LINK 138 15 133 29
LINK 69 1 4 27
LINK 158 8 197 75
LINK 190 11 181 3
LINK 101 15 62 16
LINK 133 9 76 86
LINK 103 1 39 91
LINK 21 7 185 10
LINK 152 4 38 72
LINK 119 1 198 76
LINK 194 9 102 83
LINK 61 9 85 14
LINK 153 9 29 86
LINK 83 7 23 86
LINK 138 5 28 58
LINK 141 11 67 92
LINK 80 7 15 50
LINK 97 4 178 90
LINK 110 14 72 23
LINK 65 4 36 69
LINK 54 15 6 89
LINK 72 12 26 9
LINK 42 4 118 34
LINK 16 15 178 95
LINK 39 7 197 88
LINK 156 13 177 66
LINK 156 8 188 20
LINK 109 6 189 14
LINK 38 9 154 61
LINK 174 10 69 67
LINK 183 1 53 98
LINK 73 5 93 64
LINK 173 0 151 29
LINK 166 6 194 21
LINK 79 12 141 39
LINK 107 0 5 96
LINK 26 13 157 52
LINK 89 0 70 71
LINK 115 9 69 87
LINK 151 0 2 24
LINK 153 15 52 18
LINK 31 4 38 61
LINK 129 1 200 87
LINK 162 3 82 40
LINK 113 13 91 53
LINK 167 15 24 33
LINK 34 3 171 84
LINK 156 12 59 60
LINK 124 5 129 6
LINK 58 5 167 38
LINK 48 5 124 61
LINK 121 5 100 85
LINK 195 13 138 61
LINK 54 0 145 87
LINK 156 3 22 11
LINK 88 0 170 63
LINK 142 9 21 52
LINK 15 2 89 14
LINK 104 4 175 76
LINK 18 1 112 64
LINK 120 8 77 25
LINK 161 12 163 68
LINK 136 15 178 75
LINK 16 10 138 10
LINK 148 5 61 15
LINK 96 12 128 99
LINK 161 5 126 30
