100
LINK 56 13 20 49
LINK 93 6 63 68
LINK 136 8 38 65
LINK 139 13 104 62
LINK 88 15 40 85
LINK 82 1 171 34
LINK 140 2 11 38
LINK 146 2 152 1
LINK 65 10 2 57
LINK 66 15 76 1
LINK 8 8 18 98
LINK 126 0 59 13
LINK 152 2 198 85
LINK 44 7 119 83
LINK 106 0 20 51
LINK 92 10 4 8
LINK 93 4 16 10
LINK 20 2 111 27
LINK 156 7 76 81
LINK 200 6 94 4
LINK 185 10 40 28
LINK 114 13 162 19
LINK 191 4 22 34
LINK 55 8 93 99
LINK 181 3 9 100
LINK 102 14 178 57
LINK 198 12 138 49
LINK 139 14 4 75
LINK 177 11 54 42
LINK 153 14 12 95
LINK 99 8 80 5
LINK 9 11 4 41
LINK 31 11 92 33
LINK 82 4 189 79
LINK 26 5 179 64
LINK 12 14 191 40
LINK 178 3 181 30
LINK 163 8 177 61
LINK 177 15 166 38
LINK 28 8 78 10
LINK 132 9 94 13
LINK 142 2 43 67
LINK 112 4 83 76
LINK 155 0 15 32
LINK 20 11 14 82
LINK 140 5 195 16
LINK 45 15 53 24
LINK 32 2 34 63
LINK 4 6 175 97
LINK 161 0 64 25
LINK 189 9 100 96
LINK 74 1 27 93
LINK 61 15 75 100
LINK 181 12 116 78
LINK 180 7 1 11
LINK 50 1 125 5
LINK 65 2 102 25
LINK 19 4 1 59
LINK 14 11 54 87
LINK 166 0 131 26
LINK 24 4 26 57
LINK 25 12 86 56
LINK 60 5 118 62
LINK 24 9 66 88
LINK 92 14 64 62
LINK 35 0 21 100
LINK 116 1 38 33
LINK 58 8 59 34
LINK 125 11 190 2
LINK 176 2 57 87
LINK 64 6 48 87
LINK 120 9 126 12
LINK 184 13 25 19
LINK 110 12 170 25
LINK 119 15 10 28
LINK 176 3 161 52
LINK 103 5 153 78
LINK 128 9 16 92
LINK 88 7 30 7
LINK 129 11 170 64
LINK 1 2 34 10
LINK 191 11 86 61
LINK 11 14 189 38
LINK 162 12 189 16
LINK 3 5 45 30
LINK 55 4 73 94
LINK 76 6 52 56
LINK 162 5 19 14
LINK 120 4 23 10
LINK 56 11 171 66
LINK 155 14 155 68
LINK 59 14 36 61
LINK 188 15 143 42
LINK 140 14 87 15
LINK 21 10 122 34
LINK 112 12 47 83
LINK 193 12 92 100
LINK 81 13 17 87
LINK 172 2 6 83
LINK 65 8 43 53
