100
LINK 16 13 64 22
LINK 82 8 105 14
LINK 184 10 19 12
LINK 21 10 8 32
LINK 15 0 45 42
LINK 3 9 92 88
LINK 81 0 163 92
LINK 149 8 17 16
LINK 191 7 38 24
LINK 137 13 137 20
LINK 48 3 83 21
LINK 198 2 52 13
LINK 19 15 54 73
LINK 97 9 161 29
LINK 154 10 20 54
LINK 19 12 170 9
LINK 116 6 32 52
LINK 52 0 124 99
LINK 76 13 119 25
LINK 48 1 37 67
LINK 170 10 39 66
LINK 140 6 195 45
LINK 73 13 98 92
LINK 2 2 52 70
LINK 25 11 73 76
LINK 156 11 127 83
LINK 154 12 7 1
LINK 15 11 19 84
LINK 38 9 1 77
LINK 160 10 21 85
LINK 113 5 76 14
LINK 89 14 183 65
LINK 114 15 93 69
LINK 3 2 51 8
LINK 63 1 109 29
LINK 53 6 164 90
LINK 88 4 18 48
LINK 111 13 32 23
LINK 59 2 89 99
LINK 137 6 164 3
LINK 78 7 71 81
LINK 74 1 188 88
LINK 131 15 117 35
LINK 127 15 176 66
LINK 196 8 165 59
LINK 134 3 33 92
LINK 6 0 91 95
LINK 192 13 97 69
LINK 61 14 101 86
LINK 192 0 173 74
LINK 136 8 8 14
LINK 73 14 180 20
LINK 127 15 78 60
LINK 92 6 4 49
LINK 31 5 95 74
LINK 51 14 195 63
LINK 62 6 148 53
LINK 183 7 127 71
LINK 113 13 36 37
LINK 21 6 156 99
LINK 111 1 111 54
LINK 96 1 2 78
LINK 111 0 52 13
LINK 39 5 175 100
LINK 92 1 105 27
LINK 145 6 97 57
LINK 20 3 193 92
LINK 99 4 91 9
LINK 134 0 162 81
LINK 18 10 58 80
LINK 163 4 192 2
LINK 106 13 53 98
LINK 191 12 24 35
LINK 43 15 144 63
LINK 155 15 54 53
LINK 188 7 13 21
LINK 48 5 101 17
LINK 41 14 48 3
LINK 19 14 156 77
LINK 156 8 26 46
LINK 21 8 33 64
LINK 72 15 126 26
LINK 63 2 31 51
LINK 27 2 123 26
LINK 121 15 195 61
LINK 86 9 115 56
LINK 81 6 132 88
LINK 135 12 86 55
LINK 157 13 18 80
LINK 45 6 6 59
LINK 74 11 61 52
LINK 30 7 77 2
LINK 111 14 14 48
LINK 113 0 155 45
LINK 103 14 84 89
LINK 195 0 143 4
LINK 190 0 83 86
LINK 7 15 45 32
LINK 27 0 83 9
LINK 192 7 110 54
