100
LINK 16 9 48 59
LINK 142 15 13 34
LINK 154 13 72 1
LINK 126 7 2 2
LINK 24 2 142 30
LINK 108 9 94 3
LINK 112 4 135 6
LINK 133 12 80 48
LINK 38 15 158 31
LINK 151 9 64 57
LINK 8 7 109 33
LINK 55 13 35 30
LINK 8 7 112 68
LINK 97 12 70 60
LINK 65 11 165 49
LINK 32 11 96 69
LINK 75 12 152 78
LINK 175 6 186 34
LINK 54 13 66 60
LINK 155 11 90 63
LINK 131 0 30 27
LINK 157 10 138 73
LINK 6 13 122 38
LINK 50 8 58 76
LINK 174 8 5 100
LINK 176 5 33 29
LINK 83 9 89 38
LINK 54 9 152 84
LINK 34 12 163 90
LINK 183 3 114 88
LINK 154 2 177 55
LINK 156 2 182 81
LINK 195 10 180 70
LINK 176 3 151 11
LINK 165 14 48 18
LINK 120 6 154 53
LINK 35 3 94 17
LINK 167 6 156 72
LINK 194 12 178 49
LINK 71 15 29 65
LINK 146 15 35 73
LINK 75 8 83 39
LINK 127 9 9 98
LINK 184 9 150 18
LINK 181 2 186 99
LINK 153 13 123 46
LINK 178 11 46 48
LINK 11 9 64 8
LINK 185 1 181 11
LINK 186 6 2 12
LINK 97 9 109 80
LINK 75 9 50 7
LINK 4 10 105 9
LINK 128 10 54 5
LINK 79 11 104 89
LINK 77 7 197 14
LINK 17 0 24 3
LINK 143 0 66 39
LINK 138 14 71 12
LINK 136 7 18 92
LINK 106 10 200 34
LINK 101 12 90 31
LINK 56 1 20 33
LINK 113 15 146 81
LINK 144 0 35 86
LINK 146 4 77 35
LINK 27 2 47 62
LINK 18 15 53 75
LINK 90 3 108 43
LINK 57 13 73 12
LINK 95 3 196 59
LINK 59 12 191 2
LINK 14 9 40 11
LINK 78 3 145 4
LINK 14 14 17 83
LINK 159 5 57 100
LINK 73 12 142 81
LINK 18 14 145 64
LINK 10 3 174 69
LINK 33 3 22 98
LINK 141 12 108 70
LINK 128 3 73 93
LINK 195 1 75 53
LINK 63 11 104 35
LINK 152 13 168 69
LINK 164 7 184 25
LINK 3 4 145 87
LINK 72 6 184 13
LINK 131 2 182 59
LINK 95 6 151 89
LINK 48 9 193 10
LINK 61 15 196 64
LINK 45 2 132 8
LINK 74 2 85 29
LINK 23 4 15 94
LINK 147 6 58 78
LINK 41 15 136 35
LINK 198 5 175 97
LINK 15 14 58 27
LINK 15 4 142 59
