100
LINK 62 3 77 57
LINK 166 6 114 1
LINK 103 5 7 69
LINK 121 9 1 100
LINK 61 10 167 45
LINK 189 13 169 77
LINK 111 1 56 68
LINK 5 7 87 18
LINK 107 10 27 72
LINK 41 11 125 95
LINK 2 2 63 22
LINK 149 14 173 61
LINK 50 2 5 38
LINK 145 12 67 55
LINK 111 1 74 15
LINK 193 7 85 51
LINK 26 14 122 18
LINK 2 13 113 3
LINK 81 14 76 81
LINK 190 8 141 91
LINK 139 8 180 35
LINK 173 5 90 83
LINK 119 2 198 11
LINK 27 9 113 4
LINK 144 10 22 97
LINK 184 5 52 64
LINK 12 14 44 1
LINK 127 7 143 18
LINK 32 10 52 57
LINK 168 4 39 87
LINK 8 3 149 34
LINK 21 5 189 16
LINK 200 9 13 83
LINK 47 15 47 59
LINK 142 1 11 69
LINK 178 9 38 61
LINK 76 0 117 95
LINK 134 3 81 41
LINK 95 13 126 16
LINK 195 9 31 94
LINK 28 10 176 74
LINK 58 5 132 100
LINK 16 6 20 45
LINK 200 0 105 75
LINK 97 5 69 82
LINK 81 13 122 75
LINK 35 14 90 29
LINK 65 8 174 92
LINK 67 4 165 77
LINK 75 0 28 42
LINK 95 14 138 94
LINK 7 9 168 55
LINK 167 11 37 47
LINK 41 5 174 75
LINK 109 6 103 25
LINK 87 11 168 54
LINK 129 3 30 55
LINK 84 0 148 78
LINK 55 12 71 13
LINK 30 5 67 49
LINK 130 14 147 70
LINK 165 15 45 25
LINK 135 10 149 21
LINK 127 11 174 7
LINK 151 2 113 35
LINK 163 11 12 69
LINK 48 10 181 77
LINK 24 7 177 53
LINK 54 11 123 18
LINK 195 6 42 29
LINK 17 5 150 95
LINK 9 10 101 60
LINK 182 12 194 44
LINK 176 12 113 23
LINK 191 12 52 15
LINK 44 11 119 98
LINK 103 0 115 98
LINK 111 4 178 80
LINK 50 6 174 59
LINK 154 10 170 87
LINK 191 10 30 19
LINK 71 13 141 62
LINK 91 7 28 34
LINK 172 9 183 74
LINK 91 9 123 53
LINK 158 12 32 7
LINK 179 5 17 84
LINK 136 9 170 78
LINK 100 15 196 71
LINK 45 0 184 35
LINK 80 10 21 3
LINK 108 10 77 50
LINK 52 14 55 9
LINK 51 5 168 82
LINK 195 7 17 30
LINK 122 2 8 21
LINK 138 2 143 34
LINK 91 5 21 23
LINK 88 8 125 48
LINK 195 8 49 47
