100
LINK 19 12 152 52
LINK 92 10 73 38
LINK 134 7 65 29
LINK 153 13 125 48
LINK 35 10 142 18
LINK 111 14 200 15
LINK 166 11 167 76
LINK 117 6 147 35
LINK 84 9 39 27
LINK 124 6 165 9
LINK 38 4 37 42
LINK 115 0 89 1
LINK 179 13 18 41
LINK 69 8 8 86
LINK 197 13 61 65
LINK 4 6 200 87
LINK 56 5 166 79
LINK 52 1 139 89
LINK 62 6 31 28
LINK 87 14 29 17
LINK 53 13 10 21
LINK 119 0 106 15
LINK 190 6 179 93
LINK 125 9 32 81
LINK 119 12 111 70
LINK 30 1 59 91
LINK 24 8 19 63
LINK 111 6 79 63
LINK 196 15 35 14
LINK 104 4 28 45
LINK 59 14 190 35
LINK 88 4 115 7
LINK 121 1 128 2
LINK 27 1 144 2
LINK 178 9 64 41
LINK 112 6 155 8
LINK 182 13 173 86
LINK 82 0 82 92
LINK 111 14 26 98
LINK 195 4 156 15
LINK 70 11 168 48
LINK 21 15 1 51
LINK 25 8 143 89
LINK 111 8 196 92
LINK 86 7 129 19
LINK 72 10 10 82
LINK 33 3 132 28
LINK 80 6 94 1
LINK 122 13 100 95
LINK 125 3 45 49
LINK 68 10 37 30
LINK 35 7 174 21
LINK 104 5 191 27
LINK 16 0 109 49
LINK 188 7 28 19
LINK 78 0 119 100
LINK 86 9 94 10
LINK 21 1 111 41
LINK 28 10 170 62
LINK 83 14 134 38
LINK 149 4 64 64
LINK 77 3 164 64
LINK 163 14 82 93
LINK 16 7 192 1
LINK 121 4 63 41
LINK 126 4 133 5
LINK 71 6 118 5
LINK 149 3 194 97
LINK 128 9 61 4
LINK 133 7 19 48
LINK 119 3 40 34
LINK 3 6 186 23
LINK 19 7 15 44
LINK 172 11 200 43
LINK 2 12 99 50
LINK 120 12 199 47
LINK 102 10 2 86
LINK 34 3 33 4
LINK 71 7 37 25
LINK 6 14 99 24
LINK 174 1 119 46
LINK 165 5 140 18
LINK 187 5 19 6
LINK 82 0 105 83
LINK 27 9 169 13
LINK 78 0 116 100
LINK 177 0 77 82
LINK 79 14 158 4
LINK 40 3 149 56
LINK 194 15 73 32
LINK 78 11 37 59
LINK 60 4 94 87
LINK 199 5 51 28
LINK 118 5 127 94
LINK 22 2 28 52
LINK 130 0 56 21
LINK 60 11 77 5
LINK 196 4 136 73
LINK 192 4 183 4
LINK 17 3 42 15
