100
LINK 52 3 3 62
LINK 1 9 107 71
LINK 140 4 152 48
LINK 182 2 17 31
LINK 35 5 135 56
LINK 154 8 160 75
LINK 149 14 28 43
LINK 16 10 90 67
LINK 150 3 180 51
LINK 22 14 121 61
LINK 115 15 60 48
LINK 51 3 179 37
LINK 10 0 45 63
LINK 57 11 137 57
LINK 34 3 99 50
LINK 63 11 68 64
LINK 184 7 66 5
LINK 86 10 117 52
LINK 162 7 199 64
LINK 155 8 153 16
LINK 41 12 30 49
LINK 152 5 6 85
LINK 34 7 186 48
LINK 44 5 163 79
LINK 5 4 183 90
LINK 119 10 41 80
LINK 178 6 196 84
LINK 168 3 200 8
LINK 144 12 9 47
LINK 99 5 183 32
LINK 117 0 131 12
LINK 126 4 90 82
LINK 73 15 171 91
LINK 74 10 23 3
LINK 153 1 87 20
LINK 117 5 80 12
LINK 18 15 58 16
LINK 101 15 199 69
LINK 112 0 81 37
LINK 22 1 118 46
LINK 146 7 37 19
LINK 2 2 22 55
LINK 180 11 26 96
LINK 97 8 107 66
LINK 144 3 182 96
LINK 107 3 165 19
LINK 61 12 7 34
LINK 118 12 79 63
LINK 116 10 34 70
LINK 77 14 176 56
LINK 66 8 151 14
LINK 58 0 179 53
LINK 76 15 149 83
LINK 44 0 1 56
LINK 61 14 89 30
LINK 35 6 145 3
LINK 34 1 172 62
LINK 136 10 118 1
LINK 51 3 66 8
LINK 29 11 13 4
LINK 108 0 38 3
LINK 25 5 158 37
LINK 149 5 166 83
LINK 116 13 37 1
LINK 87 15 163 22
LINK 58 7 174 9
LINK 51 6 168 31
LINK 187 11 135 46
LINK 92 3 148 16
LINK 114 0 104 62
LINK 6 13 196 21
LINK 179 8 22 18
LINK 144 7 191 2
LINK 15 12 62 65
LINK 107 12 96 93
LINK 113 13 90 4
LINK 105 12 72 70
LINK 45 6 183 50
LINK 196 2 123 75
LINK 115 15 144 58
LINK 79 13 11 93
LINK 2 15 109 9
LINK 5 3 153 69
LINK 137 2 72 94
LINK 31 6 163 28
LINK 22 1 77 17
LINK 76 14 143 90
LINK 94 5 47 72
LINK 172 1 16 73
LINK 33 4 81 37
LINK 80 9 105 17
LINK 28 8 10 58
LINK 175 3 85 96
LINK 69 1 13 44
LINK 64 10 85 58
LINK 193 3 81 64
LINK 93 8 88 25
LINK 21 8 114 100
LINK 106 1 68 33
LINK 50 4 190 25
