100
LINK 175 1 108 13
LINK 22 13 6 91
LINK 192 1 196 34
LINK 123 6 99 20
LINK 189 9 125 89
LINK 92 10 167 99
LINK 121 4 160 88
LINK 14 9 147 40
LINK 43 14 53 16
LINK 12 9 158 4
LINK 172 8 89 94
LINK 96 2 13 36
LINK 173 1 77 64
LINK 28 10 15 48
LINK 151 13 187 64
LINK 119 13 104 14
LINK 140 11 81 51
LINK 117 14 106 88
LINK 191 1 181 38
LINK 133 1 74 57
LINK 35 5 72 62
LINK 144 5 10 95
LINK 164 3 10 34
LINK 81 0 99 72
LINK 172 3 123 89
LINK 18 3 176 8
LINK 174 4 198 58
LINK 54 6 66 88
LINK 172 0 149 67
LINK 127 13 113 90
LINK 58 2 75 90
LINK 187 13 62 59
LINK 105 15 199 22
LINK 163 13 81 88
LINK 82 5 97 35
LINK 100 9 22 23
LINK 3 2 42 29
LINK 32 9 170 89
LINK 180 11 179 67
LINK 169 15 77 73
LINK 175 10 146 89
LINK 200 2 129 34
LINK 8 8 120 8
LINK 91 13 82 93
LINK 16 10 173 99
LINK 29 5 88 60
LINK 137 1 126 58
LINK 9 9 82 35
LINK 180 11 23 80
LINK 158 6 165 65
LINK 80 3 24 70
LINK 177 1 14 92
LINK 132 9 191 12
LINK 79 13 72 67
LINK 199 12 24 59
LINK 103 9 93 82
LINK 37 10 13 46
LINK 170 8 62 1
LINK 13 13 170 89
LINK 95 14 133 26
LINK 120 10 138 98
LINK 56 8 164 54
LINK 109 11 12 11
LINK 149 15 45 37
LINK 122 8 34 43
LINK 138 14 43 50
LINK 132 11 90 26
LINK 50 5 4 69
LINK 48 12 118 55
LINK 101 9 108 9
LINK 173 14 172 73
LINK 78 7 161 52
LINK 176 9 194 65
LINK 88 12 166 72
LINK 104 7 197 54
LINK 181 15 74 29
LINK 44 7 83 44
LINK 25 14 105 49
LINK 165 11 21 95
LINK 195 12 146 22
LINK 126 2 187 13
LINK 79 15 184 35
LINK 159 12 88 92
LINK 84 8 120 28
LINK 104 1 23 28
LINK 48 14 28 65
LINK 106 15 159 52
LINK 180 7 126 57
LINK 194 15 70 25
LINK 167 12 159 78
LINK 137 5 169 73
LINK 110 7 52 14
LINK 193 1 93 93
LINK 153 0 157 10
LINK 120 10 14 52
LINK 122 2 108 67
LINK 2 8 43 68
LINK 134 0 45 22
LINK 150 12 146 12
LINK 52 12 177 45
