100
LINK 49 11 134 71
LINK 119 14 72 89
LINK 192 7 165 13
LINK 196 2 47 43
LINK 163 4 135 73
LINK 73 4 152 72
LINK 154 6 62 65
LINK 185 6 158 33
LINK 27 2 4 45
LINK 18 10 133 61
LINK 34 1 73 82
LINK 36 6 176 98
LINK 188 14 23 12
LINK 99 13 183 5
LINK 4 3 21 40
LINK 155 10 125 81
LINK 21 15 125 90
LINK 106 9 150 92
LINK 59 5 73 94
LINK 45 7 44 32
LINK 14 9 195 65
LINK 39 9 69 95
LINK 125 8 134 79
LINK 19 9 59 92
LINK 137 7 181 43
LINK 97 10 86 55
LINK 56 13 200 100
LINK 109 10 83 75
LINK 60 5 139 51
LINK 159 6 45 83
LINK 199 1 114 70
LINK 188 3 161 76
LINK 59 12 70 7
LINK 23 2 13 31
LINK 64 12 130 25
LINK 7 4 199 19
LINK 194 0 69 52
LINK 47 8 186 45
LINK 42 2 14 81
LINK 175 5 57 85
LINK 67 13 92 89
LINK 185 15 119 48
LINK 68 0 124 27
LINK 117 1 45 62
LINK 10 0 165 8
LINK 177 5 53 18
LINK 153 1 199 27
LINK 144 14 111 10
LINK 36 9 50 20
LINK 10 0 20 29
LINK 73 14 7 41
LINK 17 2 2 78
LINK 115 5 186 91
LINK 67 5 61 19
LINK 7 2 145 2
LINK 169 15 63 56
LINK 113 8 128 22
LINK 185 2 151 57
LINK 193 12 197 61
LINK 160 13 139 26
LINK 115 11 69 81
LINK 65 8 200 23
LINK 91 15 125 11
LINK 55 10 166 68
LINK 51 12 89 35
LINK 191 14 43 84
LINK 100 14 144 11
LINK 188 1 36 2
LINK 109 7 35 73
LINK 184 9 148 26
LINK 33 7 36 88
LINK 10 9 55 61
LINK 46 6 95 37
LINK 38 1 172 89
LINK 128 2 99 68
LINK 101 5 169 61
LINK 190 2 86 25
LINK 140 0 103 73
LINK 104 9 60 65
LINK 91 9 125 37
LINK 112 11 125 49
LINK 61 15 37 40
LINK 114 14 7 66
LINK 173 15 79 14
LINK 130 3 190 22
LINK 196 3 194 51
LINK 30 12 115 72
LINK 70 15 160 33
LINK 163 3 34 23
LINK 83 13 162 49
LINK 109 8 114 81
LINK 96 15 146 77
LINK 107 14 150 2
LINK 27 6 152 8
LINK 99 2 79 20
LINK 58 6 53 20
LINK 74 5 194 57
LINK 107 2 57 15
LINK 27 9 47 74
LINK 114 15 3 20
