100
LINK 193 10 175 17
LINK 38 4 108 38
LINK 85 6 72 40
LINK 136 13 160 50
LINK 70 2 105 59
LINK 89 2 64 76
LINK 131 2 83 80
LINK 177 11 173 70
LINK 78 11 138 67
LINK 136 4 104 20
LINK 139 6 12 27
LINK 124 10 28 45
LINK 21 3 155 62
LINK 39 9 37 21
LINK 108 15 200 84
LINK 67 4 5 44
LINK 24 13 162 59
LINK 138 8 130 29
LINK 191 4 55 66
LINK 15 9 10 88
LINK 165 11 49 3
LINK 181 12 76 40
LINK 60 2 75 26
LINK 199 7 21 22
LINK 21 13 132 11
LINK 46 5 139 36
LINK 106 0 101 21
LINK 26 13 108 90
LINK 25 11 145 57
LINK 144 11 148 4
LINK 46 14 129 45
LINK 102 13 18 74
LINK 83 13 184 29
LINK 163 1 116 20
LINK 18 8 140 95
LINK 30 6 185 7
LINK 106 8 163 2
LINK 52 6 157 97
LINK 85 4 93 38
LINK 186 14 11 69
LINK 12 2 149 26
LINK 20 15 97 38
LINK 184 12 32 66
LINK 187 15 172 45
LINK 200 5 198 51
LINK 148 9 100 32
LINK 190 15 169 76
LINK 6 11 196 69
LINK 78 7 46 97
LINK 111 14 86 95
LINK 131 5 60 69
LINK 37 6 113 37
LINK 68 13 39 16
LINK 63 1 47 5
LINK 186 15 180 91
LINK 99 14 112 28
LINK 22 12 24 32
LINK 99 13 178 81
LINK 131 4 50 67
LINK 19 1 155 39
LINK 24 9 54 38
LINK 35 3 42 72
LINK 19 12 115 69
LINK 51 1 196 72
LINK 134 11 156 85
LINK 33 4 165 63
LINK 122 13 81 92
LINK 128 3 130 51
LINK 133 6 140 19
LINK 187 13 91 5
LINK 106 12 26 57
LINK 182 12 180 15
LINK 192 14 99 24
LINK 20 15 138 93
LINK 29 10 136 56
LINK 158 9 58 90
LINK 152 13 8 38
LINK 131 1 95 36
LINK 54 15 144 87
LINK 92 11 102 84
LINK 10 7 59 29
LINK 15 12 73 44
LINK 119 8 199 28
LINK 26 8 117 29
LINK 6 11 67 36
LINK 126 0 123 31
LINK 184 10 118 75
LINK 142 10 110 51
LINK 170 0 132 85
LINK 69 3 28 39
LINK 164 9 166 89
LINK 186 1 70 91
LINK 109 7 78 86
LINK 200 8 69 83
LINK 171 9 9 12
LINK 108 14 62 29
LINK 39 0 165 7
LINK 149 7 45 12
LINK 122 1 53 59
LINK 43 9 2 3
