100
LINK 142 8 165 60
LINK 44 7 175 91
LINK 21 2 150 53
LINK 31 3 85 60
LINK 167 7 160 19
LINK 38 4 35 54
LINK 184 14 35 87
LINK 88 7 97 81
LINK 48 4 141 44
LINK 61 10 86 81
LINK 46 10 85 28
LINK 78 8 87 97
LINK 16 13 115 5
LINK 170 5 158 5
LINK 132 7 91 19
LINK 104 11 152 3
LINK 200 3 98 12
LINK 110 15 44 55
LINK 170 7 134 100
LINK 200 3 196 15
LINK 65 13 171 86
LINK 11 7 91 43
LINK 72 12 113 75
LINK 120 7 29 72
LINK 107 14 83 17
LINK 62 6 123 31
LINK 158 0 182 58
LINK 76 0 124 93
LINK 87 14 78 49
LINK 174 7 191 45
LINK 101 7 171 20
LINK 167 15 43 26
LINK 78 5 42 39
LINK 4 3 121 61
LINK 172 14 70 48
LINK 79 1 92 17
LINK 40 0 166 13
LINK 89 3 58 89
LINK 11 11 160 78
LINK 179 10 3 56
LINK 80 3 194 83
LINK 111 2 195 83
LINK 169 8 82 47
LINK 10 12 164 1
LINK 93 8 13 33
LINK 36 5 121 99
LINK 50 8 176 28
LINK 35 1 36 14
LINK 77 4 148 87
LINK 95 13 69 63
LINK 110 5 62 71
LINK 26 0 71 19
LINK 57 3 3 44
LINK 105 3 42 6
LINK 108 8 86 42
LINK 50 8 7 26
LINK 101 9 113 48
LINK 199 12 10 9
LINK 35 14 131 60
LINK 47 1 130 55
LINK 189 4 99 93
LINK 8 3 151 15
LINK 109 11 8 10
LINK 108 13 36 60
LINK 167 11 107 65
LINK 32 12 25 66
LINK 139 3 78 38
LINK 61 14 192 49
LINK 91 9 93 50
LINK 134 10 116 94
LINK 30 10 103 37
LINK 136 1 97 54
LINK 37 10 171 69
LINK 23 2 134 62
LINK 54 10 51 14
LINK 122 9 162 64
LINK 36 6 166 69
LINK 49 0 162 31
LINK 4 7 167 91
LINK 154 6 97 90
LINK 170 10 58 92
LINK 13 7 105 19
LINK 58 2 132 31
LINK 101 13 95 88
LINK 52 11 8 100
LINK 92 8 130 47
LINK 184 8 90 89
LINK 15 9 79 36
LINK 4 7 80 68
LINK 31 15 186 89
LINK 43 13 19 95
LINK 115 0 182 66
LINK 76 12 17 20
LINK 109 10 118 44
LINK 147 6 133 13
LINK 144 10 49 99
LINK 50 7 67 81
LINK 15 3 121 9
LINK 121 10 103 35
LINK 156 3 200 83
