100
LINK 170 6 50 23
LINK 52 3 107 42
LINK 51 6 10 84
LINK 130 7 199 16
LINK 136 3 164 47
LINK 58 2 65 48
LINK 98 4 37 12
LINK 58 3 95 79
LINK 130 15 153 34
LINK 43 10 75 45
LINK 49 3 129 78
LINK 139 6 146 27
LINK 163 12 73 20
LINK 119 8 67 17
LINK 157 14 28 66
LINK 99 1 144 28
LINK 169 7 161 63
LINK 106 2 7 55
LINK 23 14 84 13
LINK 166 12 139 28
LINK 41 2 99 60
LINK 3 4 176 60
LINK 19 10 125 17
LINK 28 4 145 48
LINK 68 0 110 74
LINK 196 11 80 70
LINK 155 10 82 72
LINK 96 4 199 36
LINK 135 0 47 38
LINK 13 13 97 31
LINK 176 12 148 55
LINK 193 11 102 13
LINK 52 10 138 99
LINK 79 8 168 33
LINK 83 1 56 30
LINK 22 13 18 8
LINK 54 15 45 66
LINK 38 4 96 65
LINK 66 2 120 10
LINK 190 4 174 42
LINK 184 6 40 62
LINK 79 15 46 14
LINK 9 4 195 82
LINK 58 3 89 11
LINK 28 13 176 17
LINK 178 6 181 95
LINK 170 11 157 59
LINK 73 1 152 56
LINK 41 7 69 71
LINK 55 9 184 63
LINK 118 2 196 75
LINK 142 11 37 21
LINK 121 11 137 51
LINK 186 13 45 7
LINK 169 0 18 41
LINK 131 0 48 23
LINK 64 11 193 18
LINK 85 8 132 2
LINK 59 14 128 52
LINK 115 11 73 87
LINK 79 0 37 65
LINK 30 9 123 99
LINK 186 3 191 68
LINK 61 6 190 76
LINK 58 6 146 43
LINK 63 12 96 73
LINK 108 7 24 74
LINK 139 15 160 18
LINK 9 4 34 90
LINK 182 3 188 67
LINK 48 2 187 60
LINK 121 7 135 78
LINK 110 15 120 24
LINK 109 7 196 16
LINK 191 11 189 81
LINK 19 3 50 79
LINK 48 10 169 29
LINK 143 11 148 90
LINK 38 13 49 58
LINK 61 6 88 23
LINK 15 14 46 75
LINK 174 1 42 16
LINK 165 5 149 83
LINK 81 13 114 29
LINK 33 9 109 27
LINK 141 15 68 31
LINK 141 11 88 2
LINK 2 6 124 68
LINK 134 0 42 59
LINK 114 2 127 78
LINK 64 2 13 97
LINK 24 5 25 8
LINK 111 4 134 51
LINK 189 8 181 29
LINK 20 12 82 22
LINK 147 4 141 32
LINK 126 6 43 39
LINK 17 0 69 33
LINK 195 8 129 18
LINK 110 0 178 20
