100
LINK 53 4 125 78
LINK 139 12 26 97
LINK 33 15 88 74
LINK 169 10 176 1
LINK 87 3 180 13
LINK 161 4 46 12
LINK 114 11 142 14
LINK 161 15 27 66
LINK 76 14 143 66
LINK 187 7 115 72
LINK 39 1 197 8
LINK 197 11 160 35
LINK 127 10 100 39
LINK 64 8 3 77
LINK 141 15 42 53
LINK 23 11 18 50
LINK 122 15 15 9
LINK 80 8 80 70
LINK 83 11 29 31
LINK 199 3 17 25
LINK 31 3 115 94
LINK 165 4 70 57
LINK 12 7 109 86
LINK 83 6 35 5
LINK 38 9 113 69
LINK 130 15 91 64
LINK 171 6 146 69
LINK 59 2 45 41
LINK 30 14 134 46
LINK 180 2 2 43
LINK 18 14 129 53
LINK 189 10 57 78
LINK 116 8 47 98
LINK 64 0 161 34
LINK 7 2 154 17
LINK 173 5 57 54
LINK 108 13 100 87
LINK 49 12 30 18
LINK 11 5 70 99
LINK 72 13 129 40
LINK 198 14 137 13
LINK 63 8 46 21
LINK 107 14 190 31
LINK 148 13 185 56
LINK 140 3 94 40
LINK 184 10 157 47
LINK 32 10 97 56
LINK 104 0 195 54
LINK 151 10 66 65
LINK 131 7 186 90
LINK 14 6 20 62
LINK 172 3 169 63
LINK 39 13 2 75
LINK 137 14 73 68
LINK 89 8 23 92
LINK 146 8 197 48
LINK 51 6 13 82
LINK 126 5 123 91
LINK 76 13 52 99
LINK 98 11 62 88
LINK 186 6 62 22
LINK 125 13 41 13
LINK 55 15 157 52
LINK 184 8 199 87
LINK 167 10 120 44
LINK 112 1 135 87
LINK 183 9 186 32
LINK 110 6 120 47
LINK 13 4 168 90
LINK 19 7 102 25
LINK 175 9 176 11
LINK 115 13 97 81
LINK 89 7 125 100
LINK 57 10 139 91
LINK 196 11 175 57
LINK 122 13 103 34
LINK 178 5 175 96
LINK 182 12 20 56
LINK 86 2 66 52
LINK 25 9 33 13
LINK 129 4 64 85
LINK 167 1 128 14
LINK 77 5 123 98
LINK 147 0 84 24
LINK 199 9 72 80
LINK 86 2 87 24
LINK 190 8 75 14
LINK 66 10 78 95
LINK 15 12 131 33
LINK 47 9 199 23
LINK 111 8 73 57
LINK 49 3 133 47
LINK 165 11 178 51
LINK 46 8 126 35
LINK 17 15 200 34
LINK 59 4 180 25
LINK 122 14 158 68
LINK 120 3 42 83
LINK 180 1 191 28
LINK 21 10 27 86
